cameraImage_304.jpg -0.06323689488157902 0.7084873549891241 0.7028840274528632 0.00089827495454987 -20.2395156555373 370.1777253871991 38.86271539372479
cameraImage_643.jpg -0.14697781364449095 0.9873018793800823 -0.013482470482527044 -0.058743035830051936 724.108504770221 807.086986433537 176.8594279270062
cameraImage_439.jpg -0.1116612468408324 0.7070578628651948 -0.6970177828470991 -0.042037541666552714 96.70421138084018 97.56638069503245 34.56110070494866
cameraImage_630.jpg -0.15271728649878438 0.9871169779731683 -0.005102615103850318 -0.047449610332121764 702.1686430894224 689.3519775596849 164.27684627027742
cameraImage_282.jpg -0.07250273258484045 0.712963663194537 0.6973748846966492 0.00971796924742517 -22.565879449631623 153.3749220898318 20.9596594277303
cameraImage_494.jpg -0.05931143663281816 0.7018719954687038 0.7097933028039981 0.007163990223562841 -167.28239537059093 59.28320220640129 20.599891975077764
cameraImage_530.jpg -0.06597253214784572 0.7130431478250628 0.6980092934009867 -0.00034737239757156094 -151.05993446964902 420.5356478447667 58.89089392069255
cameraImage_585.jpg -0.16439152847667787 0.984219566863882 -0.008307685667187337 -0.0649480709969842 678.4714730399379 257.0315890291911 9.518678147745664
cameraImage_167.jpg -0.14238076604621536 0.7044969311368096 -0.6936187004826533 -0.04800926806008845 -29.70175471154064 -391.14797736440227 -110.21073748638503
cameraImage_311.jpg -0.07163125819095714 0.7094194050875335 0.701058360661105 0.010499784873718653 -16.688007169298753 437.65490787472066 57.57689681237258
cameraImage_717.jpg 0.053830498662160046 -0.001035836728566796 0.9978503489502794 0.037361551839552774 -629.1444520631467 -496.5262223798987 -95.22512408521575
cameraImage_726.jpg 0.061819739851921386 -0.0019806024197433925 0.9970587861056797 0.04525675671283982 -625.6857913707335 -405.93692130214737 -105.05085212083328
cameraImage_452.jpg -0.012625359093709852 0.8409107453666951 -0.5361147032174961 0.07273749809142639 15.300532392411247 206.2659451035218 -5.465122833604616
cameraImage_176.jpg -0.14518898347002976 0.7031634668356255 -0.6951294123537743 -0.03572671363754761 -32.041684087270276 -306.7005920666112 -85.34198930099716
cameraImage_575.jpg -0.08297384432351086 0.9508192319076906 -0.29771833281461824 -0.020540781356376357 666.6042426581514 -213.78691349711698 -20.17793855974757
cameraImage_207.jpg -0.11948862917847407 0.705931104025403 -0.6967169587075074 -0.0443759317185143 -38.60362541962094 -12.45422776685 -6.494578418638849
cameraImage_227.jpg -0.04852768831983849 0.7195620680591177 -0.6918469247262732 0.03497608359459698 -45.31633314910416 167.47742539262487 0.6618766886192278
cameraImage_172.jpg -0.13583615519458522 0.706913025229426 -0.6928214520183733 -0.0426725828382429 -29.66068744165222 -345.05154588732034 -92.29412636311397
cameraImage_278.jpg -0.07361698696051297 0.7015595020131691 0.7087356492072626 0.009411902499006405 -27.415997081362892 113.57542951614789 16.674438622980986
cameraImage_191.jpg -0.12379747498637943 0.710897291944127 -0.6910268997292085 -0.04220248030794196 -32.72836846426117 -165.80739921171357 -43.963908391849905
cameraImage_660.jpg -0.18419629616948321 0.8467861211821159 -0.49278709286852596 -0.07865030548559827 1147.7209065092716 -115.64472807750505 25.84713075256104
cameraImage_616.jpg -0.15583407895491214 0.9857759632696361 -0.011143186820216937 -0.06194610127832286 701.9118932190213 548.8121366060027 103.55738670447549
cameraImage_261.jpg -0.09141738467716447 0.7083260023099528 0.6999070367224798 0.006875767356905604 -29.142596154344837 -53.398205471969405 -2.2149750687839624
cameraImage_302.jpg -0.07356512561091551 0.7011854040396435 0.7091731089179172 -0.0008384767784333594 -26.750531214296444 349.6752548200773 41.628280892218456
cameraImage_557.jpg -0.007697667068340078 0.6915761391055867 0.717346545390938 -0.08412564149653479 -188.84053368837667 675.6000730280723 -40.80781658415405
cameraImage_748.jpg 0.05798889085216356 0.009695280448694823 0.9982220160749852 0.009802892325648902 -630.7806839678799 -181.87175089779493 -68.1737717527499
cameraImage_634.jpg -0.14796319908672478 0.9874629140310123 -0.011875573522077907 -0.053692232985092805 714.7207689062794 721.3641597850772 159.06462893639375
cameraImage_431.jpg -0.13777433877228865 0.702444724113858 -0.6973743760007735 -0.03547704663574129 97.20916164370293 18.301683832462402 21.739200972028094
cameraImage_601.jpg -0.14841417856204267 0.9868618393293899 -0.015689757997927718 -0.06189324010854397 694.0316595987323 401.15158315800085 50.39814262582124
cameraImage_561.jpg 0.011192665051350819 0.7065815282997379 0.7008008736773933 -0.09744436139488696 -160.54601835852839 693.6554447241567 -77.34879531809429
cameraImage_163.jpg -0.14192956656115233 0.706315021125092 -0.6913033980915637 -0.05544998517475848 -26.723509219240746 -428.70947750606007 -123.72495418943438
cameraImage_535.jpg -0.04798686191313595 0.7070605539358623 0.7055114405849486 0.004030056499907452 -159.49213359295524 468.40111381392086 50.546684880095995
cameraImage_577.jpg -0.19765132951995765 0.979634805707957 0.01078422532821482 -0.03366451943214405 667.3451266205536 208.21543029045785 46.72212386908369
cameraImage_266.jpg -0.06577293042676607 0.7091387723097936 0.7018661092689478 0.013419682921165887 -27.960662203857922 -4.439873601252548 3.0391356522714665
cameraImage_314.jpg -0.058329431566809704 0.7054190571214857 0.7063848227353974 -0.0014537785278040986 -22.12845499039613 468.5451417051865 45.254900512688295
cameraImage_749.jpg 0.04989191636233742 0.043415519884240784 0.9977860748175474 0.006988434378772247 -642.3513164578435 -134.41809923191093 -57.16278448726174
cameraImage_708.jpg 0.049641489743660304 -0.002561069740945792 0.9975054825914094 0.050119613105968956 -626.4411236607862 -587.1786115052462 -111.47063853076259
cameraImage_623.jpg -0.17406888881666702 0.9836017733771578 -0.01662212689715949 -0.044173275324063836 713.628794933637 597.4884577262889 170.6759020618314
cameraImage_186.jpg -0.13035949847566336 0.7095554195760252 -0.6902864765961837 -0.0551551261071126 -31.090102823354943 -212.35990219002818 -60.95644361919657
cameraImage_150.jpg -0.15002191505191273 0.7055838859690681 -0.6915430812347008 -0.03758951531161119 -22.160634700453347 -556.2677568358586 -151.02895245297205
cameraImage_369.jpg -0.13923729187116893 0.6996850570873845 -0.6995159075968566 -0.041608802673865936 103.74844263697183 -576.8925044900303 -129.26117661006387
cameraImage_442.jpg -0.10604270022251422 0.7103260831046095 -0.6949325271848259 -0.03550470463604643 95.22382125458418 127.92614710139408 39.5419313864791
cameraImage_368.jpg -0.14099717155146008 0.7028320884692938 -0.6962101015028371 -0.037925553361674504 109.81098390802822 -585.9967213029921 -128.77591562964253
cameraImage_230.jpg -0.0642339489670252 0.7089923953533385 -0.702227523568091 0.00896037246230833 -40.90679173692478 175.12595393001553 11.958690063248483
cameraImage_373.jpg 0.13657477520940883 -0.697940993728055 0.7010626221621818 0.05231538834301309 100.7152790098933 -537.643831787732 -127.88984343423664
cameraImage_549.jpg -0.05160488299760977 0.7034768081636235 0.7088418459119677 0.0007442518636864888 -163.72601776125126 606.6522518488013 65.11391654795476
cameraImage_526.jpg -0.06196828460738353 0.7080661541947854 0.7033746219855789 -0.008148259523894653 -157.88178331584973 377.702824430469 49.185417711458165
cameraImage_745.jpg 0.053174285812673625 -0.0036813745038010246 0.9977337616572627 0.041064384316860054 -626.3525867008742 -218.30927564420963 -76.16834594942168
cameraImage_746.jpg 0.0480941186553295 8.246295784546353e-05 0.9900678542590443 -0.1321082620940858 -632.3473633515541 -205.5434780605662 2.838528423410469
cameraImage_556.jpg 0.06316758813902154 0.6821304274866543 0.7142220855197917 -0.14350870447931985 -201.51658349466757 646.9771730661577 -164.71688451597677
cameraImage_405.jpg 0.12220441748716146 -0.6832352611231448 0.7032153884189872 0.15409015476449017 68.81177172165745 -196.12638300176735 -77.06078066106514
cameraImage_649.jpg 0.039183255996577855 0.9967588078326433 -0.03094792815896892 -0.06307754909808935 738.8349352479332 864.6897060506786 -145.46948342556405
cameraImage_730.jpg 0.05668991204964269 0.002189676648964611 0.9974673351373755 0.042899586500554636 -629.7403232624268 -361.3627500517349 -93.33780734745939
cameraImage_193.jpg -0.14334505674596065 0.7035570783588694 -0.6929497007015317 -0.06542434176425524 -34.82896351886731 -143.76081421178088 -48.23913357267262
cameraImage_325.jpg -0.058049674586214774 0.7119999517815909 0.699771559729683 0.0024633588722841903 -9.644312861726243 579.3731395663751 58.93093290293155
cameraImage_664.jpg -0.02858429807489545 0.8584561788066803 -0.512071048239071 0.004378187700066381 1145.8072823793757 -110.8126899134626 51.39503847788626
cameraImage_587.jpg -0.17069951587252113 0.982996652087516 -0.009397051734424795 -0.06701457068669794 680.3098382580306 273.88886652931353 16.190636127548004
cameraImage_174.jpg -0.14149315709272206 0.710346480791981 -0.6882746096388243 -0.04081207479295994 -25.6077577812301 -325.79610227410336 -89.60756651321262
cameraImage_698.jpg 0.05552816301521474 0.00019692556362785676 0.9976632910789112 0.03980630560695662 -630.5880840024229 -684.9493054209834 -114.35788928122948
cameraImage_443.jpg -0.1211412729081975 0.706450837776788 -0.6963950209833185 -0.03586057099795201 95.28272739158534 135.78056650844397 46.511761763110826
cameraImage_523.jpg -0.0640931388157651 0.7004520956195031 0.7108046395322545 -0.003961782226589392 -165.07170675376648 346.03235996158764 49.14377110521115
cameraImage_392.jpg 0.12428457782195049 -0.6953192492075565 0.7060676309221435 0.050527081461833316 94.42259859106831 -355.60056123010116 -76.93589080801038
cameraImage_348.jpg -0.15861002367411783 0.986239727926297 0.003188840280634166 -0.04651763910200984 694.5027410951504 67.9979650781466 -35.09712297792823
cameraImage_737.jpg 0.06029257261261651 -0.005550306880327668 0.9971655187374308 0.04466461711911849 -624.0815112860175 -299.8685243250105 -93.52890150899164
cameraImage_301.jpg -0.06688361541201245 0.7026408461476861 0.7083017382144962 0.011448622476368195 -26.289552443552648 339.430248341387 42.41447115347906
cameraImage_569.jpg -0.17679988192186544 0.9368339972952444 -0.2987964624850911 -0.042479845463737176 665.8980456329427 -243.68589915837822 -64.48709989624732
cameraImage_729.jpg 0.05484689735399237 0.0005135887135519531 0.9974899571354305 0.044781017085714074 -628.7694829826548 -373.68328795462185 -93.21035715920404
cameraImage_467.jpg -0.025409958119502123 0.8753501411087732 0.481683895632164 -0.03312233653954252 -237.14532750112906 -62.99166913008825 23.875660669484084
cameraImage_226.jpg 0.08751392587458327 -0.7030378793896189 0.7056074266724685 0.014043231324098033 -39.07550394028851 163.2188818710311 21.950859380842637
cameraImage_326.jpg -0.049872786092303986 0.710342360590322 0.7020801536050595 0.003145452631439523 -13.201449324733876 589.8777442838439 53.65924788882284
cameraImage_499.jpg -0.056222580403342624 0.7080004852554559 0.7038369581930223 0.01370659010925492 -163.42635263062567 112.24743023943935 23.810375996261648
cameraImage_423.jpg -0.14216069527487865 0.7015868027580746 -0.697049706388457 -0.04108529832472051 97.85543854108673 -60.487791273308304 1.0204729253102898
cameraImage_143.jpg -0.1621688814071309 0.7005439808114192 -0.6932577295433888 -0.04830222852411058 -24.611643713260907 -616.2084103888992 -188.56539618792957
cameraImage_592.jpg -0.14913329248536575 0.9868394701823303 -0.015592967413542835 -0.06053082297451509 686.9786025902615 314.60778759967894 26.311626976112496
cameraImage_273.jpg -0.0723109387058432 0.708354926442175 0.7020200758579709 0.013124001712503724 -26.543114236234786 64.79933632669062 11.337956332604612
cameraImage_232.jpg -0.04224565800108556 0.9854799553279886 -0.16413907689113416 0.010145218781683561 -178.94987562972787 20.82467382810449 -2.0989699292475055
cameraImage_620.jpg -0.14882693182344978 0.9874421751836329 -0.019691191940462868 -0.04920113812300315 713.876926440919 575.2697409760035 123.07630237915963
cameraImage_407.jpg 0.12983132893869162 -0.6873369731568004 0.7070988581179467 0.10355151474487059 82.11046533320909 -193.22821718571518 -61.085158276723874
cameraImage_454.jpg -0.21675269577811204 0.9750007410169743 -0.02330708724960972 -0.04299539013907263 -172.77893948686648 94.32995402540739 63.15790294172127
cameraImage_259.jpg -0.08289246575659824 0.7144098055613315 0.6946214627029818 0.015763641425189667 -30.91889991011112 -72.30825247884539 -5.434169385094171
cameraImage_251.jpg -0.08226924514043796 0.7174357630899185 0.6917328604033657 -0.0048318714580036105 -34.317654859005586 -149.76721598608324 -9.800024847146894
cameraImage_489.jpg -0.06186687844726422 0.7183776533569382 0.691754685866395 0.03976796563133309 -166.123475748101 18.208189203658687 10.3454356003155
cameraImage_591.jpg -0.1663527546084726 0.9843018793026317 -0.015229344258715175 -0.05696172845806769 686.7620395303678 302.1409894865551 38.823131848044305
cameraImage_646.jpg -0.14667814567958407 0.9875587755625981 -0.01613904740421192 -0.05433891366401975 730.3463173531316 831.2547297649403 190.63470221971266
cameraImage_683.jpg 0.05725152216436261 -0.005796611899483608 0.9975608725267128 0.03950908887956694 -620.6711064450908 -841.8477785865713 -126.73896554519912
cameraImage_441.jpg -0.10046015312439432 0.7063235437780992 -0.698934987677364 -0.050046899398614 97.60530111651784 116.98226687837295 36.10400430955283
cameraImage_625.jpg -0.13168871403894264 0.9895769287904969 -0.015514725221987716 -0.05616829979289134 712.3048367421571 635.9443755155237 107.36215710116481
cameraImage_165.jpg -0.1364556614340385 0.7092558537818615 -0.6898813632691368 -0.048986640553114975 -24.82694114227522 -411.8499853970165 -111.4845488151939
cameraImage_532.jpg -0.049084059937282945 0.7178236015295416 0.6944100747502966 0.010708885680494029 -145.9862747445034 442.7386781198021 51.155708423654374
cameraImage_533.jpg -0.04123669139064015 0.7153740172376762 0.6974742110193488 0.008323202948354256 -149.26598905533342 451.87981207717513 44.60158901103337
cameraImage_462.jpg 0.07843572893815595 0.9965609081915798 -0.013842800255452946 -0.022859780650765455 -176.21194513483633 167.92597444541383 -11.787126047406339
cameraImage_460.jpg 0.016137756225046866 0.9982589295289866 -0.040825240007508125 -0.039395205520373504 -167.59805260636884 163.66735678975314 13.921446409788953
cameraImage_739.jpg 0.05204500041796054 -0.005483857262433763 0.9976889264795502 0.04333648833377728 -625.0620612092903 -280.46211543584667 -80.58224927410939
cameraImage_720.jpg 0.054300930072143226 -0.0042228869818656724 0.9972318302291324 0.05061870204472497 -625.1355477345227 -468.32634680039916 -106.18919930053559
cameraImage_161.jpg -0.13628208284049367 0.7082488829086592 -0.6909715778185135 -0.048672296044940555 -25.217901355772206 -450.325735954562 -120.88553918352287
cameraImage_346.jpg -0.10008577131292104 0.9945423956485473 0.01601805600425106 -0.024732236457522063 693.8988534301291 63.168197279782405 -14.685008951433405
cameraImage_534.jpg -0.043504378570058955 0.709616932896524 0.7032427376965599 -0.0009107517831665053 -155.74545408623283 459.5341943875871 43.8186124351807
cameraImage_353.jpg -0.018653295999766655 0.9979655419275046 -0.05113023940886065 -0.0332043715748449 702.2257240840144 19.801550908639875 -34.60420628619005
cameraImage_472.jpg -0.05064788008083956 0.7164587254854606 0.6957537531255629 -0.006957149614593594 -171.6983800673831 -150.43570760422384 8.81108464100301
cameraImage_329.jpg -0.050148431786339855 0.7065725834787321 0.7058169531719624 -0.007921343358918741 -18.84909448266433 620.7319028133643 47.629032247903396
cameraImage_391.jpg 0.09761886505701606 -0.6988255148547038 0.7053789962925038 0.06748280197516414 86.9477859111807 -365.1715557991417 -76.89611041889879
cameraImage_154.jpg -0.14603072843370216 0.7073188856113128 -0.690383233431173 -0.04178530133683493 -21.648430107291926 -518.0404076510931 -140.63693800315525
cameraImage_422.jpg -0.16541707433928923 0.6966531735924393 -0.6973187096039807 -0.032529440155841936 99.14696542718927 -72.42005900459277 0.2713853113215042
cameraImage_565.jpg -0.0669791324968662 0.9916194070916816 -0.10936488088562941 -0.015622743612456007 717.754832551696 7.386131729653587 -0.833887089283468
cameraImage_584.jpg -0.1634116693411117 0.9845494983211339 -0.009804525833242983 -0.062151290830835225 678.6482573055748 245.21547852303974 9.13694524048555
cameraImage_211.jpg -0.11517167573130152 0.7108076916050724 -0.6931021156775917 -0.03312654385169084 -40.153868528730946 25.787698482879517 1.6082147355978362
cameraImage_271.jpg -0.07863431143140089 0.7091350791737917 0.7006596912310502 0.004481253719539454 -26.735742332059072 44.868484599709916 9.627631141527507
cameraImage_641.jpg -0.15678197928758777 0.9859452828889198 -0.01140070441487054 -0.05658033278975333 719.7135436800744 785.797253459442 190.13197178991743
cameraImage_194.jpg -0.1352170099793525 0.7068531001018329 -0.6910865498786223 -0.06689122263447748 -34.372454764855995 -135.3106324256717 -43.6257363329145
cameraImage_686.jpg 0.05386528396554069 -0.005952150528864639 0.9974500675098648 0.04643776385615147 -620.970153507367 -811.0009536043184 -131.68026354108306
cameraImage_453.jpg -0.05139408393240973 0.9870826783654825 -0.1509292995701996 -0.015709256469504673 -141.06980723757314 149.35775282367885 22.540817696479582
cameraImage_335.jpg 0.05418022338995181 0.6908145110940646 0.7117433717768132 -0.11515722898305975 -47.59328062509527 659.9935294495215 -148.53009121611012
cameraImage_508.jpg -0.05961343359916319 0.7067178414596692 0.7049032110389344 0.010372760678996023 -163.35585649775166 199.5505892188023 33.57505707609795
cameraImage_658.jpg -0.22299809134383086 0.8530125012284347 -0.4673600666896287 -0.06493144129682812 1147.9670053249465 -91.59814267742894 94.04229251864122
cameraImage_208.jpg -0.11557342772147909 0.70486091700973 -0.6979032691403709 -0.05239176843830682 -38.992548923568 -2.6340302465089267 -3.520926341620513
cameraImage_152.jpg -0.14824713704395667 0.7050620040040474 -0.6918325789522345 -0.047728812769302416 -24.048613858824268 -535.5756651383888 -151.87139497974033
cameraImage_175.jpg -0.14190738445606477 0.7022314049170915 -0.6963305707381974 -0.04309390258984549 -33.46224435234198 -315.4870054534326 -88.9235093620757
cameraImage_714.jpg 0.05255129605755066 0.003218922794106955 0.9980734864987875 0.0328224826433476 -633.6449547021004 -522.5408531433754 -90.86867440653775
cameraImage_570.jpg -0.1595285047021936 0.9359716383404727 -0.31108408828245554 -0.041646589622769556 659.7663028834625 -251.67391702105095 -61.40731219304582
cameraImage_189.jpg -0.13494587260978275 0.7042389880148605 -0.6952255603262092 -0.04998479263233878 -34.64637629838174 -183.35026588870576 -53.902530819811616
cameraImage_347.jpg -0.14610742090374146 0.9885087402307214 0.008894054617078827 -0.0377357633657656 693.8423074282376 64.74458262425416 -26.364418989035315
cameraImage_434.jpg -0.11165647842262785 0.7088232443589596 -0.6953485192558427 -0.03991084879332195 97.43234084655167 49.83410690894002 23.75856324093394
cameraImage_228.jpg -0.030589704251468154 -0.6988059313692946 0.7112683906558234 -0.06951127053057903 -34.92981513170334 172.6827376414218 -23.71120099651407
cameraImage_507.jpg -0.062369485270386986 0.7100514534428576 0.7013329359277589 0.008312265259431914 -160.86168741406178 191.4183142544308 34.06680348207939
cameraImage_242.jpg 0.027145257857935926 0.998581535102317 -0.044682557765293486 -0.010075800716431361 -170.42968694732588 38.12569502040569 5.04986727554296
cameraImage_719.jpg 0.059233715147642564 -0.0020910226374605007 0.9972294736965597 0.04494854174521065 -626.218411647469 -476.7088349339101 -107.70535110532589
cameraImage_498.jpg -0.05518390379417833 0.7081120725523297 0.7036315553281824 0.02084859261727829 -164.48199636994417 102.68235842509102 21.657103608966594
cameraImage_363.jpg -0.1277974182178929 0.7029874267820767 -0.6981004347062802 -0.04617662553779038 106.45528288413995 -634.0973598896398 -138.54001188294743
cameraImage_342.jpg -0.04266414732717525 0.9585332823292388 0.2800396031263343 -0.03116950241543679 573.96953553138 393.3958433721839 -13.020817500328626
cameraImage_648.jpg -0.08453567396349539 0.9942917039707188 -0.014971874804748382 -0.06335274427658018 724.1319078694722 876.2148671413771 75.56854884966857
cameraImage_747.jpg 0.05146712555844255 0.012551262314387548 0.988427387873439 -0.14214394008453834 -636.9018736328868 -182.88966644499942 -1.9064595419090342
cameraImage_451.jpg -0.06939928630184397 0.7308732317164931 -0.6789231583573743 -0.008450045392298723 85.62411967705647 184.26164228015614 32.10944631863967
cameraImage_170.jpg -0.13574234174434802 0.7129034220968077 -0.6858491737628216 -0.054347385119041 -23.034934815017014 -363.24403688015207 -101.82448996465496
cameraImage_323.jpg -0.05347812938547583 0.7103054606157028 0.7018442650682422 0.0045683572280676025 -13.801446941628459 559.5916474352327 54.81557915508448
cameraImage_173.jpg -0.13736465148098506 0.704483928694171 -0.6946566638847683 -0.04780654825040681 -31.601077491067212 -334.26189221309346 -93.23620333677387
cameraImage_164.jpg -0.14848260404107166 0.7056276222966565 -0.6906123329457864 -0.055652318301470424 -26.080865731199534 -418.01295579472065 -125.51501911491121
cameraImage_734.jpg 0.05916190210902886 0.006271986484156009 0.9977605500505555 0.03056822348776457 -631.8929492906194 -316.97393308281306 -85.0257401774596
cameraImage_320.jpg -0.059324169319251246 0.7130463777144335 0.6986025135634291 0.00018494800598422366 -10.04066159638085 529.2821629965262 53.08780681007524
cameraImage_231.jpg -0.0022399965340345017 0.8206350173228717 -0.5663089369337918 0.07646789331435765 -97.7625250809223 151.20689689044818 -22.745641352565507
cameraImage_157.jpg -0.14937132475480142 0.7067953414687389 -0.6896275556947291 -0.05042208886586764 -22.49694562426542 -486.5931176593513 -141.4278868790729
cameraImage_595.jpg -0.16607459545317163 0.9839589596622461 -0.01543312643776027 -0.06329149274437065 690.1125031998705 341.0897599845532 43.27862619303813
cameraImage_297.jpg -0.042860283863439395 0.7055673852900752 0.7072553440363861 0.011293326084245945 -25.711813246280652 301.6252403195126 26.17954010712996
cameraImage_502.jpg -0.058485844657643365 0.7013044323103542 0.7104004514952381 0.009093828231086116 -166.42308727349862 139.06952037638874 27.172230450058976
cameraImage_617.jpg -0.160205313347899 0.9844259674392221 -0.010414890884493834 -0.07163310864618354 702.5784982555808 560.3105404858023 98.4907220777813
cameraImage_738.jpg 0.053746603974218314 -0.006015567702584455 0.9975587732275174 0.04417702415582736 -624.576210083245 -290.70495181063035 -84.12065191807177
cameraImage_169.jpg -0.13442060434666087 0.7100768125020849 -0.6893980084253695 -0.04952178766049785 -25.905061994459437 -373.3362147880473 -101.21100516611804
cameraImage_674.jpg 0.05537437242496724 -0.007109645364406967 0.9978453588030415 0.0344640644231343 -618.7483081511959 -931.7509976454716 -121.0068308539739
cameraImage_703.jpg 0.056604820358109126 -0.00173481403150196 0.9974599447861205 0.04320351003994636 -627.0710338152878 -636.6087271644548 -116.36810789803245
cameraImage_612.jpg -0.14257568068025267 0.9887967173164155 -0.01863075339041727 -0.040076453572500656 704.7722827027791 499.951933310252 105.85416208086885
cameraImage_249.jpg -0.20469247066574348 0.6887831196690484 0.678489774700622 0.15274302648051283 -34.08205189113156 -151.35704676570336 -79.22559964569655
cameraImage_437.jpg -0.11595124831251655 0.7076805615236152 -0.695651548695271 -0.04257292160824953 96.69234788587826 78.20862059030816 31.08910035683413
cameraImage_610.jpg -0.14322950086240832 0.988380775099369 -0.016425772424199025 -0.04815545137306763 701.5180131496405 484.79179331586516 90.3999230531322
cameraImage_144.jpg -0.15060762409475165 0.7022937619304342 -0.6943153190468715 -0.045022808164021016 -26.14121774655307 -610.8897736585443 -172.47201980102182
cameraImage_199.jpg 0.11928335689859185 -0.6944707413605743 0.7076558032699082 0.05201090519803054 -39.664215524735035 -87.37547361132877 -25.820098509506238
cameraImage_426.jpg -0.14153379668163488 0.7041582706603082 -0.6943382190302266 -0.04498612954566009 98.30828918444416 -29.00039600486607 8.490585024213022
cameraImage_197.jpg -0.09519971240933452 0.7171970391618574 -0.6891543674607359 -0.0403940538252704 -34.07551690534354 -109.9229108093756 -24.034522031904068
cameraImage_225.jpg -0.0668657876715726 -0.6841693760651778 0.7214590974868178 -0.08329466938017438 -29.788084246465985 159.51839894124166 -31.899602549719678
cameraImage_681.jpg 0.054112501468094716 0.006646670935934322 0.997794858631536 0.03785603041535746 -642.7976110470598 -845.9810687466143 -121.78268050780969
cameraImage_147.jpg -0.15407194603627633 0.7088284887358199 -0.6864549795299406 -0.05102519063792946 -14.123111622313226 -581.0909793350395 -171.8715306382468
cameraImage_389.jpg -0.10924863325353233 0.6793325587484971 0.6834782695158994 0.24378159458007984 -125.29337171318936 376.10070707143836 184.82040070773448
cameraImage_433.jpg -0.12119292381711869 0.7061076233750694 -0.6961760737795691 -0.04542217217542316 97.37371412262273 39.0173636136356 22.979333196733425
cameraImage_497.jpg -0.0485918032851071 0.7055742995405901 0.7066947803283427 0.019652784484208454 -164.821682712025 91.30402576962842 18.63359070708494
cameraImage_496.jpg -0.06336215552809528 0.7039539452732806 0.7073624314917453 0.008512972166185986 -165.43962668565513 80.405370672423 23.949846031722632
cameraImage_611.jpg -0.15331012308538014 0.987114015149993 -0.011533436153248694 -0.04437236870512882 697.7021874722982 497.8464562252359 109.70417850695362
cameraImage_473.jpg -0.05100380777187621 0.7154678361403458 0.6967033947443501 0.010429131944668196 -170.92741972972317 -140.9127349792986 1.752126168272039
cameraImage_655.jpg -0.09236760562516444 0.8492142500871087 -0.5196966863118827 -0.014789763909960079 1138.6242804313963 -198.1517713136461 61.502630841104235
cameraImage_187.jpg -0.13127146600179015 0.7068163167506493 -0.6927396030168325 -0.05736147662732559 -32.780083772065716 -202.3184601532075 -59.33041801873801
cameraImage_387.jpg 0.5257458137824135 -0.5002238797289378 -0.6313647306546556 0.27339712201223193 -117.31420715927976 335.1013428099902 311.68215368980185
cameraImage_697.jpg 0.05496098975784766 -0.002775332365950095 0.9976909551161476 0.03980383416864621 -626.4374111253703 -698.7008232053267 -114.26605511722147
cameraImage_406.jpg 0.1254528904155781 -0.6949919312834106 0.7032648606027172 0.08164755709004749 87.11883712155485 -209.52389030889384 -54.84303435798984
cameraImage_744.jpg 0.05714328629239218 -4.382376241570531e-05 0.9974484622868717 0.04279261610065485 -627.5151147673298 -223.01768074467364 -82.77176901925417
cameraImage_149.jpg -0.1400311637962281 0.7061997316888401 -0.6918940092330397 -0.054368116722169804 -24.090212959601235 -564.4845189513974 -157.56444035735382
cameraImage_236.jpg 0.6270668740454687 -0.4790523745784616 0.4004781059012313 0.46573945997665284 -80.25343848197903 29.55843637920482 328.28992128355515
cameraImage_327.jpg -0.053590753131939894 0.7067253940028136 0.7054406336169528 -0.004556434179371553 -18.485114617033517 600.0163063372942 51.844319474909206
cameraImage_525.jpg -0.0646245726026182 0.7065905415316485 0.7046400649106473 -0.0059875000341967815 -159.41867990029837 367.5308620570384 50.77031313566733
cameraImage_333.jpg -0.031998523479315054 0.7078948586172215 0.7055032289845053 -0.011231986951801892 -18.07134469812018 662.1106784756698 30.31982692742926
cameraImage_238.jpg 0.21497085616328748 -0.6536169540134259 0.7046566333402879 0.17329580928621618 -7.759640010558117 159.46652830128468 110.55475758350505
cameraImage_258.jpg -0.08488431717666832 0.7012269316437482 0.7078186852205205 0.008255415655151626 -28.157585061896818 -83.32160108663733 -5.914290451702486
cameraImage_379.jpg -0.2557010622074569 0.8994164554464767 0.3357380210272768 -0.11378483068828857 381.67842361080216 402.1517428754924 94.0760380460146
cameraImage_718.jpg 0.05739468290307829 -0.0034237776966989293 0.9968801463453963 0.054074965955803383 -625.4539196991582 -487.0286682522541 -115.37571935648887
cameraImage_694.jpg 0.0488186821566701 -0.007809027529049175 0.9978650658379297 0.042673946873949466 -619.8840575857985 -734.5342422184615 -113.09482867243649
cameraImage_687.jpg 0.06202196257122834 -0.00038625465280746113 0.9972532223807763 0.04048626208128468 -629.2202404770753 -795.0444572713964 -131.79980522199403
cameraImage_401.jpg 0.85738842704766 -0.25924454894168697 -0.43595269996133573 -0.08730745904665103 259.47921651337924 -16.715539852661987 710.6269917654208
cameraImage_188.jpg -0.13066679949960627 0.7067535478154356 -0.6940586129041499 -0.041331005460696436 -33.175512603299495 -193.84439804132398 -52.9425141838297
cameraImage_466.jpg 0.00378615918971434 0.9987753951527958 0.04882914901505562 -0.007006371559608994 -196.75665803335036 151.27705547493971 6.214551102253533
cameraImage_469.jpg -0.20560243917287316 0.6926723477201494 0.6735195242066465 0.15589774283957536 -175.2315309935503 -157.0489226601351 -73.44011884699168
cameraImage_374.jpg -0.1242174720444827 0.7013542311105446 -0.6999850256930576 -0.051896299942330276 102.8893075600045 -529.9247615737765 -117.0218687543056
cameraImage_527.jpg -0.07191136856899404 0.7071191115331983 0.7034097970722162 -0.00509652409572223 -158.34298760317995 387.15521780917965 58.41203486119125
cameraImage_493.jpg -0.06074454654436172 0.7059839146645921 0.7055615013202969 0.008931973725128812 -166.55952687840468 51.229068712842334 19.91012320268379
cameraImage_280.jpg -0.0789792408875991 0.7074031971839225 0.702302610347698 0.010678933541914426 -25.19145966486702 133.11458921151592 20.23360602924717
cameraImage_244.jpg -0.011089645633770495 0.9991306774608161 -0.03319090784904442 -0.022655523665638663 -176.19102911992212 27.69904221459303 11.13167991650909
cameraImage_256.jpg -0.09074374370317684 0.7047048365718698 0.7036384190242504 0.007045676972418452 -29.1508183596897 -101.89124112433664 -8.520880624333937
cameraImage_602.jpg -0.1511031427432349 0.9867492044183966 -0.01432942878422881 -0.05734557788963895 693.7249468700238 411.1601417804864 62.05761739701771
cameraImage_448.jpg 0.02995690420431224 -0.7047988373334836 0.7075638968883405 -0.04140669757477811 100.38701371288818 172.94631535613013 11.744013454301836
cameraImage_693.jpg 0.05113978484799142 -0.004395695167366882 0.9977905847035602 0.04218233453264467 -624.4932847151086 -740.2927710150985 -116.11584708075996
cameraImage_536.jpg -0.01941534041218113 0.6792223491996625 0.7336263832702631 -0.008507330613286831 -197.4594481956229 466.1952612415473 21.25676914819583
cameraImage_420.jpg 0.11788989218654898 -0.6924483009317526 0.7096935285629277 0.05433617002396259 95.38915268283795 -89.71940255252784 -11.351289831397795
cameraImage_159.jpg -0.13607061395339226 0.7095998543928196 -0.6889654043727037 -0.057266973392993664 -22.650339413501975 -468.77766978804044 -130.66955941062568
cameraImage_362.jpg -0.12615386120404296 0.7046422644933136 -0.6968862832565266 -0.0437491783002916 109.19937378846329 -643.9699876429569 -136.91243215570537
cameraImage_413.jpg -0.07437034638799717 0.7101393904729935 -0.6950232867546629 -0.08434292232025208 85.94696667785429 -151.65998408647843 -27.570207758999896
cameraImage_479.jpg -0.04725920572254631 0.7078617605382204 0.7047325996290442 0.007089320298490118 -167.03417703858432 -85.48383184451254 6.698400432495357
cameraImage_425.jpg -0.13333513577300388 0.7025937696876455 -0.6970575615458142 -0.051908498883144395 98.28877962414325 -38.83752017863542 3.87520119454081
cameraImage_364.jpg -0.12820201504768364 0.7102547510027312 -0.6909065042885423 -0.04184058254313813 119.87136566081985 -623.1635667731364 -131.0196572480685
cameraImage_370.jpg -0.12129225935443812 0.7083702685474118 -0.6937780556515343 -0.046602145392029705 113.35154695106887 -567.0794982831891 -118.64989555668893
cameraImage_731.jpg 0.062173842939071605 -0.0008610246842480215 0.9973112553256815 0.03878056074110545 -626.6062557573533 -355.2439143459236 -96.4898492060895
cameraImage_665.jpg -0.050680689280032026 0.8699991938524563 -0.49030957700111194 -0.011374934336869171 1149.9830645301638 -54.089884290315325 42.832883160749695
cameraImage_632.jpg -0.14826334959162468 0.987714566660026 -0.009812429082251415 -0.04839039378817228 709.9349082702244 703.9600204028014 161.50904719897548
cameraImage_253.jpg -0.06807593544493283 0.7151251922031069 0.6956393659700288 0.006891952015437637 -32.588076256777526 -130.33071684216952 -8.528340143600978
cameraImage_349.jpg -0.13337483105467624 0.9896998477452537 -0.003024126751091133 -0.05192514296129579 695.0618015372628 70.11094375485206 -44.33251333619943
cameraImage_470.jpg -0.1903669839287819 0.6951578003077482 0.6764845874165833 0.15127672355312607 -174.60159569017006 -154.48499625061993 -68.43830301096168
cameraImage_209.jpg -0.11458238304484915 0.7059349859271261 -0.6974677168869968 -0.04544729959273097 -39.21937418122762 6.939249397366556 -1.6520821685419993
cameraImage_604.jpg -0.15066505970363675 0.9866006254483151 -0.015813249005071167 -0.06057381286823918 696.627500398545 428.5869598612787 62.90000386078123
cameraImage_455.jpg -0.2638195215946598 0.9635553861232848 -0.012718450501291651 -0.04240894852763537 -174.00909789472283 85.92040925799223 71.99393021905841
cameraImage_724.jpg 0.06262420309894356 0.00041613296799214504 0.9969232808035348 0.04713818209786077 -627.2115762380215 -422.6687139247442 -109.38578063952215
cameraImage_709.jpg 0.052696821078646566 -0.004128557954931772 0.9975811383617457 0.0451428005589053 -624.7720241626492 -579.5144108564983 -108.62616330262246
cameraImage_168.jpg -0.13876936924637523 0.7061039014417719 -0.6920208164755377 -0.05716233105990244 -28.843120536402452 -381.0588291450754 -110.04421014891896
cameraImage_396.jpg 0.16417549277505716 0.6900445291012233 0.6632437743861062 -0.23873133679433414 -51.47862607811555 279.79654044164135 -166.88767604149558
cameraImage_512.jpg -0.06120092016869598 0.7068211772084125 0.7047398534209132 -9.909837503752955e-05 -162.4778828484919 239.64766771020058 37.47315478633871
cameraImage_519.jpg -0.04858060584094121 0.7123664980488814 0.7000746188898244 0.008332177384555741 -156.81295701903153 312.2124084934051 37.25143987997809
cameraImage_691.jpg 0.05696519576156552 -0.003644209292281824 0.9972709557631317 0.04682229171847997 -623.9483687480058 -757.9539380119378 -132.1370410593905
cameraImage_707.jpg 0.05199004314622897 -0.0032380235492517604 0.9977789922448813 0.041516662340998094 -625.5984600448231 -599.015124492149 -105.0484969735702
cameraImage_733.jpg 0.05870730359982 -0.0005803495673367016 0.9973513261920083 0.04293539147907262 -627.2100552913789 -334.1312701583964 -93.36058744975915
cameraImage_291.jpg -0.053030774134031754 0.7085702917343101 0.7035895621577568 0.008809465872339715 -24.16904494676446 242.80829166559653 23.97302757300215
cameraImage_476.jpg -0.020775908980459803 0.7101324762356271 0.703577312061208 0.01609949546469319 -166.29372957557396 -114.55588674881528 -0.15840546789552884
cameraImage_359.jpg -0.23371890237259768 0.6845529343081986 -0.67128369956839 -0.16168163005597969 123.5945033658582 -587.5181732864044 -351.82049663023105
cameraImage_397.jpg -0.004091809787387264 0.7064047933167938 0.7023116118460202 0.08794273669818393 -25.054503490008617 427.7847537352686 62.33633516310286
cameraImage_514.jpg -0.05611656368844911 0.7053339852939219 0.7066228255304059 0.006251632476403048 -163.1103604422811 258.81520039714997 37.10748327339262
cameraImage_371.jpg -0.1269094293024347 0.7024244352562786 -0.6984988338965737 -0.050924341470024025 104.94721092739009 -557.0780819966172 -124.91454283145738
cameraImage_506.jpg -0.06116000777047607 0.704399667345567 0.7071158336924742 0.008231636190149516 -164.07055058048633 179.23724380814986 32.34362778396743
cameraImage_306.jpg -0.06700366753151801 0.7006111411824366 0.710303338149511 -0.011122284029409988 -27.807847498217946 389.3388336482241 37.51210260936227
cameraImage_541.jpg -0.04679880897641364 0.7113336792447761 0.7008371240958726 0.025329700738560345 -152.7807060954656 527.7066535033816 66.09921462360461
cameraImage_245.jpg -0.0049554277759712865 0.9980444488061199 0.05925116420177734 -0.019287858449809087 -182.55658042392054 8.953620104372424 11.11921410771811
cameraImage_672.jpg 0.06829217558285829 -0.06850260901229528 0.9813811741847079 0.1659354159560639 -478.80992545981223 -961.4131412652955 -387.70174605841504
cameraImage_524.jpg -0.05796602399835981 0.7010966882532488 0.7106935118389672 -0.004255115996560626 -164.452120486289 356.07311944714945 45.856790332715335
cameraImage_637.jpg -0.1507288817647088 0.9869122577392976 -0.0121898189572747 -0.05600364309285961 717.7965540920073 749.1355762243355 168.97933277028798
cameraImage_294.jpg -0.05593853009932708 0.7075024252721649 0.7044758728715914 0.004994359432579204 -23.955788812559582 272.5564141552952 26.611520621308788
cameraImage_180.jpg -0.14227590477182608 0.704218713262521 -0.6927800107041621 -0.062365275442171464 -31.848217745431374 -266.5121712903067 -83.68943486382898
cameraImage_576.jpg 0.0934313761374186 0.9937923957196334 -0.059584857384975584 0.009843623992810299 689.333973117264 124.5829567894263 -7.667834445578712
cameraImage_427.jpg -0.13926665361612703 0.7037020536697255 -0.6950661508252457 -0.0478671581416071 97.88908135394661 -19.383368115748752 10.329582272685153
cameraImage_661.jpg -0.022305667220524576 0.8615826907808964 -0.5068628063464665 0.01636519780456787 1146.1251446582924 -109.79962264078043 70.30471669124385
cameraImage_276.jpg -0.07616683205446903 0.7068512453326921 0.7032358184128628 0.004394811440661605 -25.91815792241753 94.40243193539716 14.379678407606702
cameraImage_200.jpg 0.12215343462324874 -0.6968851852092242 0.7051855367482783 0.0462918546473495 -38.90027220845035 -78.28514723483146 -23.56784464198553
cameraImage_651.jpg 0.020190806814782473 0.9969957628095163 -0.03810487743918928 -0.06434126650434734 754.1768709665913 866.4567684052266 -114.62831552407103
cameraImage_564.jpg -0.048995087845023814 0.9434063035105589 0.3209775128366607 -0.06750899285868048 452.8309766154074 556.441925056902 -34.85383246523649
cameraImage_229.jpg -0.008177109239366074 -0.698602493858353 0.7145439913999055 -0.03625706570682148 -34.315151043776396 175.9938179462076 -9.732148900382459
cameraImage_293.jpg -0.057640143843756264 0.7090210016922622 0.7027416586202738 0.010999737114952671 -23.022291383332227 262.31162371749355 28.373295083594716
cameraImage_257.jpg -0.08513065139172787 0.6950597132192673 0.7138927612303217 0.0013757601961548627 -26.427320156306248 -93.22359433060475 -6.072451760262885
cameraImage_336.jpg -0.03933977879516794 0.6963845250298674 0.7165790310514143 0.00393285655607689 -39.397522735953466 679.2833800356046 52.61153429661864
cameraImage_404.jpg -0.11946351818609241 0.7074644392353453 -0.695238262980636 -0.04320061026985354 102.24635351535888 -235.02288291416554 -44.17278403701968
cameraImage_544.jpg -0.058537007480409194 0.7075518481648401 0.704229377735378 -0.0021873381538324464 -155.75311177349698 557.0725541977203 65.98065147233709
cameraImage_701.jpg 0.05637491550352324 -0.001540596155030982 0.9974894333534974 0.04282903003309867 -627.3428037881569 -656.2852902012178 -117.14540469824355
cameraImage_566.jpg -0.15681272774541935 0.925762358285447 -0.340002117277415 -0.05265343906796441 638.7733261512386 -313.356358754452 -91.45398450079739
cameraImage_313.jpg -0.06412353121624426 0.7059738805984306 0.7053280221448263 0.0011974282524052275 -20.84883803841198 458.2112957766853 49.7414184193584
cameraImage_668.jpg 0.08350471352597796 -0.5306090102383336 0.8434673831032292 0.0066192683757857 586.9424924615428 -990.1445324034152 -7.228279772358487
cameraImage_713.jpg 0.05941825754612636 0.0018847790968948752 0.9971215149319681 0.047059565847068024 -628.9816135408815 -531.2241634717388 -115.45845824564793
cameraImage_615.jpg -0.1596126575691043 0.9861235261633998 -0.015040187079691328 -0.043104332304285446 704.4334000112802 528.7767406902005 129.25386824457803
cameraImage_315.jpg -0.057583820174181066 0.7084667427264777 0.7033868413612934 0.002435057384543136 -18.120436676064433 478.5050916875263 48.10254686600678
cameraImage_542.jpg -0.04459065746137998 0.7063341595566489 0.7063652514586847 -0.012323142548608052 -159.55631171148124 537.940499228571 45.13823046645697
cameraImage_639.jpg -0.149113421155399 0.9867778410906983 -0.01355597254823446 -0.062055745680676594 721.7880380585096 768.1689672658501 163.7389562469876
cameraImage_263.jpg -0.08080488865809846 0.7079915801262064 0.7015232892593795 0.00914150239560274 -28.359969328802386 -34.1718592716196 0.297133112154656
cameraImage_705.jpg 0.056016241636704434 -0.00421897716917137 0.997308156479587 0.04712559733129419 -623.8210128722569 -619.26361541907 -118.77827508479471
cameraImage_265.jpg -0.0760385949186993 0.7098857761104475 0.7000354184137173 0.015189796746137556 -28.25870643628944 -14.302522507108979 2.1103154487214577
cameraImage_605.jpg -0.15087899373968358 0.9866228186525106 -0.019771337992910126 -0.05848108374718948 700.9350675290606 432.37585239195397 67.85694934977482
cameraImage_488.jpg -0.06175173828999971 0.7053843468063653 0.7060218913505599 0.01235860155918483 -165.9853430063404 1.7705419756594798 15.128119038305845
cameraImage_650.jpg 0.05889437033912013 0.9957728614906621 -0.027768131813453677 -0.06478265444273841 731.2734265396126 870.4239163639833 -183.30141556504086
cameraImage_372.jpg -0.12057447749286979 0.7016274360445957 -0.7008570697376086 -0.04449836138129968 102.04758151997005 -550.4691560336761 -112.79680307931163
cameraImage_340.jpg -0.0026209114116402766 0.7144301318194677 0.6988959590274978 -0.033573144428625384 -6.451324341474556 694.1914986854889 -19.902494132347282
cameraImage_268.jpg -0.0801562559402299 0.7069791748621772 0.7026116653639225 0.009605656634244352 -27.478739720993786 15.006012783545085 6.103967438142711
cameraImage_262.jpg -0.08088542736890805 0.7106023294957172 0.6988072805212344 0.013048434585290652 -29.039979260213855 -43.48089289856751 -1.2847663748296383
cameraImage_356.jpg -0.06591442306813611 0.9110610597113548 -0.4059791094519883 -0.02835484081754184 535.5464912946554 -451.40509036247704 -54.6539788987474
cameraImage_181.jpg -0.14269499944614497 0.70500665786986 -0.6925199524494996 -0.05495329791356962 -31.38266313073042 -257.8332764947269 -78.87555400818573
cameraImage_600.jpg -0.14302404242691105 0.9880954196027806 -0.015891528397588554 -0.05439691510608881 693.2482691298587 390.957265383842 53.14973084810482
cameraImage_375.jpg -0.11816265469363182 0.7051956788346213 -0.6977024524858159 -0.04413535299518987 106.70926612878571 -521.2731071890247 -103.95453259703567
cameraImage_382.jpg 0.5256152298655042 -0.09050484783020073 0.8389413787388165 -0.10823523313819103 632.0920520998706 -53.522670612466655 990.3069510229626
cameraImage_378.jpg 0.31507140331674993 0.2469317055939204 0.7035176036933231 -0.5872118228357601 3828.6707871604617 -1670.2859002395303 15880.945931048569
cameraImage_552.jpg -0.06536493407438933 0.7086403218828098 0.7025329106262875 -0.0019568040870839164 -152.63388694128608 638.0403658967709 80.8096491679129
cameraImage_260.jpg -0.08834878396097666 0.7118322298298483 0.6967166404409426 0.008677089418038039 -30.04192131597494 -62.87600003715237 -3.5300136978612575
cameraImage_642.jpg -0.13760207069362695 0.9887369845983215 -0.013324119828665744 -0.05733509622417856 721.9284649164796 801.4671389688112 160.6710434664612
cameraImage_740.jpg 0.0530145704492593 -0.0029982630867600208 0.9977202536669398 0.04165046411889503 -626.0573454484804 -267.2958391163803 -80.12105555135443
cameraImage_684.jpg 0.06006241334750059 -0.01433447912745969 0.9972068894658842 0.04201724423132051 -605.7055926018992 -841.9230140474925 -133.37607131711243
cameraImage_629.jpg -0.15053325299688747 0.9865201041263368 -0.019803747408057678 -0.06103798395536236 722.8593884202722 663.0510715729515 135.4325298715115
cameraImage_319.jpg -0.06219444807613928 0.7106586488272729 0.7007813294901621 -0.0012898501853484253 -13.196109571657237 518.8542228691468 53.301492550823376
cameraImage_573.jpg -0.012571317499031254 0.9470554002800532 -0.3208164615491591 -0.0021974475657380644 656.1564437354732 -248.80422713596286 6.5513429424638465
cameraImage_331.jpg -0.03393643820169019 0.7081920896447222 0.7051949316361782 0.003520045663294671 -17.83187859061194 641.3891652856536 44.084857743025296
cameraImage_241.jpg 0.07910317650082552 0.9968022515797035 -0.006213677344090471 -0.009452456134582208 -174.31285524691802 24.585132631774254 2.6622876009670278
cameraImage_185.jpg -0.12813427251655474 0.7075205808530661 -0.692951236078931 -0.05305488000810399 -32.572890417275666 -221.89243170438047 -62.193286814757286
cameraImage_700.jpg 0.05533243401023366 -0.0017842953321372441 0.9976397322384376 0.04062145610253196 -627.6161175778336 -667.3380665884471 -113.72077910610825
cameraImage_446.jpg -0.04583787850780846 -0.6822617663984951 0.72536778994666 -0.07911599277395072 111.02617915343268 157.50513079368116 -18.762468882982326
cameraImage_214.jpg -0.12326557114539083 0.7050265525336645 -0.697767487501393 -0.029388647105482352 -40.20694763744328 55.25311949263419 7.8843921059670175
cameraImage_223.jpg 0.09756201762512501 -0.7016574043223219 0.7055934002006511 0.017218979930864707 -39.309019944051684 143.81889354865714 21.280196424270226
cameraImage_246.jpg -0.03446077154825635 0.8707765649439942 0.48970540269532103 -0.027372390097521116 -116.94656198738922 -136.1789145720592 7.811115456346323
cameraImage_421.jpg 0.15502264038038985 -0.6937462809699555 0.7029212385324521 0.024203533416636513 103.25951512357372 -85.04558697839005 -3.2019360196697777
cameraImage_430.jpg -0.1456930971059158 0.6999610664500627 -0.6983235517937817 -0.034238047840003526 97.27711013259845 7.686927677759938 20.495718328517658
cameraImage_328.jpg -0.04640786390229356 0.706219946008756 0.706469522476778 0.0007154291370274241 -20.235796821446225 610.2479433650557 50.72588651612678
cameraImage_178.jpg -0.1379764234849534 0.7034529085689536 -0.6947388331469261 -0.05877470294121481 -33.19219780668549 -286.1770713655085 -85.67874320152548
cameraImage_310.jpg -0.06172236893256507 0.7071243969168532 0.704370118776494 0.0053077521717600756 -20.902821693810996 428.70037778729375 47.02438567926992
cameraImage_270.jpg -0.07774251288707511 0.6985918084367452 0.7112785544969518 -0.0028991012069168455 -27.97621967912804 34.15887867374185 8.340330162624763
cameraImage_206.jpg -0.12155635627111125 0.7062304534423163 -0.6962250718490848 -0.041632297672462217 -38.349037171373965 -22.154883601438662 -9.021394121671136
cameraImage_285.jpg -0.05551995518410301 0.7046781999891959 0.7073513333502277 0.0005101411554014708 -26.819494799468117 183.08910063230704 17.58377370629578
cameraImage_254.jpg -0.0744455832072022 0.7136859903844779 0.6963037038269888 0.016471621252468774 -32.16929846907373 -120.5345803008394 -10.584054574120715
cameraImage_545.jpg -0.06658472183974219 0.7049783068245228 0.706025584361991 -0.009996797020155428 -158.62336421118218 566.5839912503164 70.83729009909948
cameraImage_710.jpg 0.045116424513289316 -0.011301331230139496 0.9977452250500698 0.048386506810785906 -617.4012160040141 -578.9162904010744 -101.76571357170381
cameraImage_350.jpg 0.04363899277105345 0.9982056129476574 -0.010737583316680881 -0.03957141511542516 697.2786307563897 62.64050616245339 -50.958253205757366
cameraImage_678.jpg 0.05281524829906727 -0.0051281727412384025 0.997704199991699 0.042078268861338045 -622.1122223167032 -889.3723789585681 -128.96627535352266
cameraImage_521.jpg -0.06308754655301803 0.7101489723093377 0.7011352233131669 0.010853443117621531 -157.23484753177203 330.2369732894795 49.444035577809444
cameraImage_307.jpg -0.06004403383371182 0.709872456125336 0.7017657585806508 0.0007938005308650643 -18.275948602662517 399.62417237707945 40.19984446264943
cameraImage_357.jpg 0.060056172476729786 -0.6982082473902507 0.7129409125982571 -0.024774070461743344 79.45512144091245 -696.7469670967465 -15.02706708548117
cameraImage_355.jpg -0.058901113607308916 0.9964088018619143 -0.04906450764031829 -0.03595597972432926 702.4862475472703 25.670439823917636 -33.8769428990769
cameraImage_252.jpg -0.07488864316420661 0.7060065817256072 0.7042334304168516 -0.0012935101319954964 -29.207538549327026 -141.0004597197063 -8.789634913674545
cameraImage_296.jpg -0.03428773896624739 0.7080816371526706 0.7052210279113451 0.010394607998512285 -24.176827829803926 292.3317604452577 21.000396275571887
cameraImage_618.jpg -0.15570545052742957 0.9854639093969051 -0.013538660774288907 -0.06658378643977743 706.5802286985377 565.7138240029403 102.63857581404068
cameraImage_414.jpg -0.08796690913848453 0.707432999424248 -0.6991800158593585 -0.05429253765611162 95.0012208768105 -147.58533923372937 -18.780981924932856
cameraImage_324.jpg -0.055896306287158644 0.7104194484655002 0.7015391454786506 0.004757893074731243 -13.062258550797226 569.329333153982 57.9681375246325
cameraImage_468.jpg 0.030305147342939563 0.6716311774919576 0.7385750891599713 -0.04999997137629315 -149.11654186495633 -194.70250282181487 30.56876350544161
cameraImage_589.jpg -0.17329902288425522 0.9821608380130555 -0.0151714075647117 -0.07139583554634653 684.7896290609576 285.47861758592916 16.823573531662248
cameraImage_292.jpg -0.05545222558809782 0.7093922509887027 0.7026125060007333 0.004832320961786377 -23.08144849841972 252.7204495672817 24.535512410161804
cameraImage_465.jpg -0.0506791447359837 0.9979174070522124 -0.037777375734872685 -0.012858571989335361 -166.6045566986589 179.404550723791 26.59448578147791
cameraImage_558.jpg -0.048628030143369486 0.7279228650179139 0.6832516494986944 -0.030509026955980973 -115.471967080636 696.2232411230458 43.11417528377812
cameraImage_321.jpg -0.05670710951450069 0.7095024761958038 0.7024132077143245 -0.002495121441358148 -15.064579861201866 539.5026213511618 50.27784793888379
cameraImage_603.jpg -0.14961042693793375 0.9865057254461254 -0.015343835335914598 -0.06471275400295953 695.2272851145325 421.0346893582374 53.466490085728104
cameraImage_563.jpg 0.033442685724080344 0.7286393645128475 0.6774088572518882 -0.0953074150870035 -114.94944936766251 700.3985474445923 -105.29678019767522
cameraImage_237.jpg -0.35867671850029764 0.726100919261229 -0.41193640201645876 -0.4176563986671236 -117.90057012982648 87.53978747414011 245.30062206844494
cameraImage_155.jpg -0.14830656645967208 0.7076029373567395 -0.6894249169997234 -0.044682538076760835 -21.045704972992443 -507.32835605644345 -141.8665625147579
cameraImage_219.jpg -0.10945994177620655 0.7110923888870455 -0.6934590818468732 -0.038479051669134505 -42.21454112777514 103.00035461131104 19.632786828749655
cameraImage_250.jpg -0.044254701024668136 0.714220311332864 0.6983289201526772 -0.016358104877988718 -32.03737871377854 -160.2585594222615 -0.9905893263118523
cameraImage_432.jpg -0.12348196212984221 0.7043541148231212 -0.6978281036745739 -0.04090750154005346 97.48669184998313 28.81889629828979 21.272352719152014
cameraImage_671.jpg 0.05524578313327294 -0.016048229647984125 0.9736675686482574 0.22059425090819662 -582.2835189827833 -871.1488478316006 -470.07032657734754
cameraImage_627.jpg -0.13797517852490565 0.9893734498289739 -0.025407320716192262 -0.038177152048841256 725.5426539308681 636.0753857888442 143.4083586093078
cameraImage_640.jpg -0.14343137717608176 0.9879311012104044 -0.014524122380250255 -0.05664476296758218 722.9919546952481 777.8636581935048 164.96623451189066
cameraImage_403.jpg 0.4485147805555701 -0.5710914510645204 0.6250974808269858 0.28625545515843986 121.17204154005266 -26.755025520207457 -169.3494468442168
cameraImage_248.jpg -0.22328912886577076 0.6899870724995631 0.677216364676534 0.1242489441731693 -37.00447443998564 -157.95052237828685 -77.57757482130273
cameraImage_517.jpg -0.06279334407713352 0.7077947960239312 0.7036177364931955 0.002367182554019789 -160.31917799079304 290.13912454380403 43.32858157948648
cameraImage_145.jpg -0.16237430605277656 0.7031492665084108 -0.6907727975730343 -0.04526185895086481 -20.32774242769171 -598.6462308133846 -180.54865822977936
cameraImage_478.jpg -0.038615237956610114 0.7102910991379963 0.7027932884723477 0.008775623118348326 -167.72410607459716 -93.3568292435431 4.8142540176923125
cameraImage_365.jpg -0.13323682067546952 0.7062402274833628 -0.6940473002102902 -0.042083675829807106 113.83193583198438 -613.8104489632462 -133.35789487040316
cameraImage_628.jpg -0.14313499722526293 0.9878002997630368 -0.018103174738613368 -0.05861071081092483 718.894082200321 658.0914603896413 126.46428085325165
cameraImage_224.jpg -0.05000703069748875 -0.6923301379370668 0.715467979233701 -0.07927072395346678 -33.10935906218401 153.18755242593699 -26.949559725343626
cameraImage_538.jpg -0.03242683792394009 0.7109677466272197 0.702470980222621 0.0028080924375889988 -154.9751328709685 500.1439826421167 38.42840767917008
cameraImage_381.jpg 0.046858053416287404 -0.5225752150016695 0.009073769217493255 0.8512562094975769 -60.24837894279945 139.90463986104533 150.41596475901147
cameraImage_675.jpg 0.0547991428046067 -0.0075979940535591695 0.997710828150756 0.038889945036924854 -617.5889820793266 -921.830696599518 -127.7035065791642
cameraImage_202.jpg -0.12010243302132127 0.7082714372032671 -0.6943966805940146 -0.04171602575022031 -36.72969176016823 -60.74441999190495 -18.270757501270086
cameraImage_299.jpg -0.04555853364743669 0.7049831915552608 0.7077191498652338 -0.007531570253599824 -25.847924280279127 321.61651958692465 21.445352772210352
cameraImage_539.jpg -0.028595048857521423 0.7111565918548557 0.702390602481714 -0.009277207963495156 -154.24668786965583 511.2856709226967 29.5550059235332
cameraImage_511.jpg -0.05189550410966157 0.7083730084985738 0.7038540877231496 0.010196110988848577 -162.33316443564013 230.1797762883181 32.19166849248533
cameraImage_239.jpg -0.04186060602340999 0.9958606961112256 -0.03700719127290702 -0.07169122260298035 -182.12628297485213 23.942518649454477 32.810538418295565
cameraImage_317.jpg -0.06119372926676813 0.7121079521031983 0.6993977082653422 -0.0006616063797941722 -12.156609182944111 498.8313909698888 50.65226435137627
cameraImage_682.jpg 0.05590868198326222 -0.0025328279081751844 0.9976882963600245 0.03854695017655017 -626.7425666763885 -847.6780479862482 -124.20131566686374
cameraImage_622.jpg -0.17239854098661633 0.9841015562837209 -0.021947419579365038 -0.03662213482925822 718.1140071132667 579.6253611293608 174.14357715871694
cameraImage_529.jpg -0.07181225472263965 0.7062630720446943 0.7042919998456608 0.00287264530403879 -158.67165836992902 406.119200660329 63.71745892687366
cameraImage_394.jpg 0.07281009632461663 0.7091056136198205 0.6963864943957075 -0.0831490771404876 -31.201060885173614 350.32303421586056 -69.48560654040112
cameraImage_383.jpg 0.5599817512006646 -0.6828913280409417 0.4009903652742214 0.24348839677890846 388.24953175935224 9.122634543043114 -264.4710191296141
cameraImage_560.jpg 0.05413005835977653 0.6891469208965963 0.7097489668933357 -0.13565714944134205 -190.81590518151305 670.5690029011661 -154.41960652831574
cameraImage_334.jpg 0.10599077160207324 0.6900513969017569 0.7070185117965146 -0.1127823122044061 -38.73790995026224 642.0244493913609 -195.30357730885947
cameraImage_742.jpg 0.055654683248234214 0.0002095054419966383 0.9975013234545713 0.04351576779039472 -628.2508887500558 -242.86419766549835 -82.9117173697114
cameraImage_572.jpg 0.02830634229968617 0.9464754376309302 -0.3215083128368895 -0.003924502991337828 656.0627472564963 -252.6620163240773 6.708894544971136
cameraImage_550.jpg -0.05906637329831574 0.7053027879992184 0.7063144975566907 -0.013378016562714526 -159.21932870003567 617.5588095805322 64.94714507886997
cameraImage_594.jpg -0.15031980796904126 0.9866062552888801 -0.015552751638840224 -0.061401663442160186 688.7892713387679 333.89506384467995 31.845738292909985
cameraImage_332.jpg -0.039688211083707486 0.7080232127080517 0.7050698045278606 -0.0021323486088299674 -17.326776677018216 651.2254718688858 45.27886610438177
cameraImage_358.jpg 0.2492512254619291 -0.6754955268654775 0.6753362450962405 0.15968899727210262 116.39995265817075 -587.0230012389172 -364.9503637070106
cameraImage_728.jpg 0.053204289620774683 0.0011175445354361252 0.9976406172150313 0.043373419774922144 -629.445688531272 -382.8716407577667 -90.95010234784131
cameraImage_318.jpg -0.060632616732313155 0.7112632887088808 0.7003056891925976 -0.0004020046025256595 -13.12863140986233 508.94061812209094 51.61832795907037
cameraImage_670.jpg 0.06922502774272093 0.038872268352673316 0.994964135584705 0.061181788036296834 -697.5760141484549 -892.823095737784 -193.68670203487184
cameraImage_450.jpg -0.019598011933042014 0.7093192679235439 -0.7027216135805768 0.051618096510731314 98.46163624379474 179.91991301630932 6.063327366793441
cameraImage_635.jpg -0.14748288388743555 0.9873992760905365 -0.01318093016698031 -0.05583665118954929 717.4659378827253 729.7554524220567 157.98089199333026
cameraImage_402.jpg 0.8235733286380186 -0.4853915872775781 0.19225090483095944 0.22172408292272977 563.4076599206079 141.35621424978345 -105.47613651476831
cameraImage_428.jpg -0.1299138100447902 0.7089432871724373 -0.6919328179544908 -0.041842478061696546 98.29297557719629 -8.88729351445527 12.762836691405933
cameraImage_712.jpg 0.06322251971191475 0.0022674378934349378 0.996999850044643 0.044598999289626025 -629.580521131485 -540.7340347944049 -118.4690775323381
cameraImage_663.jpg 0.02687115358676855 0.8442017586896379 -0.5348647905470647 0.02282515198817173 1139.2986159684401 -171.2473384534736 37.95584917102077
cameraImage_166.jpg -0.14496592148068135 0.7105462844303448 -0.6875094884857507 -0.037941567357565785 -21.85078136982497 -402.48738906519986 -108.45968585496763
cameraImage_377.jpg -0.103866945618873 0.7047846215619311 -0.7008398674543787 -0.03624603432293776 103.25922710441566 -504.9937720039906 -84.8899632885075
cameraImage_567.jpg -0.2739807231961687 0.9151624452658795 -0.28753935116517876 -0.06879959028503085 667.915026001838 -232.66904820683672 -113.05922063038004
cameraImage_520.jpg -0.057143985013561 0.7118238438125598 0.7000219747963803 -0.0032580912908063333 -156.54031021287003 321.716399552195 41.10919174119726
cameraImage_652.jpg -0.015637655785291867 0.9975436568052624 -0.040176427673007796 -0.05520843367241192 763.2281691429565 867.1026265906605 -37.87616985443832
cameraImage_287.jpg -0.05823036509648627 0.7071695858200587 0.7046419180992787 0.0004107665833304499 -24.940033212967464 203.17789983979915 19.88050054160525
cameraImage_213.jpg -0.1163061784244011 0.7040340528689926 -0.699705287354962 -0.03494905018282911 -39.80134355229707 45.726266614858 6.319201463334568
cameraImage_277.jpg -0.07622480140280875 0.7065037387660325 0.7033911201466145 0.01682791905175138 -26.117303370473334 104.11826737967283 16.76413481821765
cameraImage_385.jpg 0.21219678571503944 0.6598138817155887 -0.5957137487343971 -0.4058858154659076 -31.185098736099093 -424.4409090302094 -78.47756627012986
cameraImage_474.jpg -0.052528750720394174 0.7053785530862237 0.706706150608764 0.015755757217063716 -166.69548414943282 -135.286556467774 0.105622610180688
cameraImage_677.jpg 0.05590706113302011 -0.006240767991711587 0.9975444789111114 0.04171889169552078 -619.4586045938242 -900.1953003245849 -132.86122126429683
cameraImage_673.jpg 0.06798057166793539 -0.00474126468411172 0.9973395507073765 0.02588402750160435 -621.7555950171708 -939.4011842739484 -121.64065615211216
cameraImage_666.jpg -0.0651230652125239 0.8636395627130051 -0.49902611972735694 -0.029302285304607722 1149.357283146618 -77.7493285212166 19.019538161269057
cameraImage_142.jpg 0.15750941226155143 -0.6957848632809589 0.6988581550669919 0.051686440915177906 -34.920957503685855 -625.3888027402982 -190.3768129893574
cameraImage_463.jpg 0.02572471838878772 0.9974585229620331 -0.05765972093596885 -0.03301651731789561 -159.6955201519543 186.1104960334905 7.706283409200125
cameraImage_614.jpg -0.15780128347550687 0.9865071205761198 -0.014914924957956724 -0.04098781525764707 703.3934871921316 519.5881980232551 127.17736092770446
cameraImage_644.jpg -0.143056622559046 0.9881393743429371 -0.01735084931379731 -0.05305023697626223 730.1859167904745 811.7833538933725 180.23247758128815
cameraImage_279.jpg -0.0786714207994632 0.700624886497606 0.7090358689639136 0.01427278852219084 -27.62840785464089 123.33258218557039 19.56536365403528
cameraImage_509.jpg -0.061530703778961374 0.7085353354112238 0.7029519957379795 0.007081147799784205 -161.59413406739657 210.5306314523186 35.33869513867691
cameraImage_337.jpg 0.003815736663941001 0.7042335341320504 0.7082703079083287 -0.048925867320210446 -26.343438280383086 685.714262309792 -40.04738055324646
cameraImage_351.jpg 0.06320165213922652 0.9972427924186661 0.004357660486016961 -0.03864420954013805 694.946110804683 88.40893117798844 -54.21755095146723
cameraImage_212.jpg -0.11698918772773831 0.7053454172878272 -0.6983111139784016 -0.03410220462241305 -39.912096197469005 36.100378822181405 3.964397400819787
cameraImage_645.jpg -0.14256618632119258 0.9878515581215702 -0.0165800506123516 -0.059575863873797236 730.4888096556518 824.0404522653938 173.34319085702126
cameraImage_148.jpg -0.15297819341123167 0.7058334644880059 -0.6898994734626605 -0.049350879074621115 -19.898351171259627 -572.1863041687275 -167.28471023104706
cameraImage_647.jpg -0.13844239790314342 0.9886426774373945 -0.01497271438667304 -0.05652589350149578 728.6784481239443 846.760178989914 176.81580801027786
cameraImage_568.jpg -0.2640148816121046 0.9134283259835643 -0.29500808424094044 -0.09441962619444833 660.8943221353856 -227.43992959409692 -147.00437969161007
cameraImage_386.jpg -0.2851996522338256 0.6888184008277067 0.6492401323220783 0.15059090154878726 -51.16683911061904 357.82275735217223 267.99273464137
cameraImage_727.jpg 0.05823914205467446 -0.0020199440917581324 0.9975081597678385 0.03976925137821061 -626.7345319976116 -397.0175417168127 -95.31163046822418
cameraImage_203.jpg -0.11030005801669861 0.7060513188038079 -0.6979240640498324 -0.047195690874074214 -37.567920404364486 -50.99057273112803 -14.625518203694094
cameraImage_583.jpg -0.1709985701005304 0.9834041574222577 -0.006741368327989255 -0.060252021885247455 676.8752505828819 238.7815023925755 12.777894071576622
cameraImage_608.jpg -0.14077460922096988 0.9885498965865867 -0.01631372381513638 -0.05182155702616011 699.7361067149011 467.0673623417845 77.27138925042688
cameraImage_354.jpg -0.04265657834361583 0.9978745448072013 -0.03732679185310439 -0.03214840213433923 701.7863455926588 40.79274050104317 -29.674908850741065
cameraImage_361.jpg 0.1415690786887845 -0.7000401603174639 0.6987854394181084 0.04001099297879955 105.3285156880752 -651.8925485069582 -148.19107962682352
cameraImage_156.jpg -0.15664214759335132 0.7051404806960979 -0.6897865336077483 -0.049342457725835245 -22.247722272682918 -494.9023119434133 -148.91723726076586
cameraImage_412.jpg -0.07949881209081341 0.7124707448645634 -0.6938419975465355 -0.06818107529891611 96.36000127100299 -164.02377963280227 -27.286374412440033
cameraImage_551.jpg -0.07260509583340549 0.7087373323771627 0.7016651051416998 -0.009272215507217846 -150.35952565600093 627.5137431475002 83.04251800259922
cameraImage_662.jpg 0.041248574064546156 0.8555069758999205 -0.5157457911218183 0.020313745699512338 1146.3583404946417 -125.03427571335703 17.554387785069036
cameraImage_491.jpg -0.06907499552895373 0.7143949237173506 0.6960456558544091 0.01972265006945214 -166.00848066824295 35.951769257318134 18.360238493698507
cameraImage_654.jpg 0.09439953947641909 0.9713914272626206 -0.20943630155100482 -0.06019848486436768 995.4402337095518 542.8049053418284 -233.03938770804024
cameraImage_543.jpg -0.04547129209173135 0.7064350858414244 0.7063061351066343 -0.0036707762743647472 -159.5534009291994 548.1105564325076 51.23422197863624
cameraImage_210.jpg -0.12117511910878835 0.7108030487510328 -0.6914917542344013 -0.043758087492917874 -39.8197054259616 15.812647274116257 0.11692162829888314
cameraImage_457.jpg -0.13169626832090756 0.9904675620391743 -0.02832505527169285 -0.028771386869217052 -171.25321413849943 123.73646561560345 46.52679989358896
cameraImage_464.jpg -0.005261699544529686 0.9978132976550728 -0.06232251750495446 -0.021373847394814214 -158.4611538524397 188.13542406997095 14.109656552927182
cameraImage_598.jpg -0.14528472028331557 0.9880672412339371 -0.017860192885429366 -0.04792171076507447 693.3135107050989 367.1973043991478 57.396926320726735
cameraImage_579.jpg -0.27226234283726686 0.959732497948413 -0.01604336212905746 -0.06730051698209874 679.8687212890794 180.41892371667157 26.19565722807092
cameraImage_695.jpg 0.05564167890324004 -0.003767441798006243 0.9973481131386377 0.04676057281435155 -624.3070078746395 -718.5069225511247 -126.87341156752389
cameraImage_513.jpg -0.061735463167754794 0.706892262654057 0.7046193287803931 0.001913921722186768 -162.02522597626674 249.54242583652209 38.86090541342486
cameraImage_704.jpg 0.058742941512536104 -0.0020311332362461807 0.997042827699714 0.049504959880699514 -625.9198190491903 -625.8886383731511 -126.19915867721751
cameraImage_631.jpg -0.15218682322755983 0.9868425288158573 -0.006536281479521395 -0.054205822386962116 705.4390849982967 698.5449982196883 156.87871843449315
cameraImage_495.jpg -0.06647225305904389 0.7026498593841188 0.7083854332623475 0.0073954460614661065 -165.54912892992547 70.059608278965 24.180173028007232
cameraImage_438.jpg -0.11589342006948397 0.7059120758353908 -0.6977869437698724 -0.03674557767499194 96.86942074494397 87.52335213088587 33.35367544269526
cameraImage_578.jpg -0.2644702668588188 0.9620311467423093 0.014134397085594934 -0.06596794270195976 667.1340973984993 214.7041041062958 33.420239090259216
cameraImage_243.jpg -0.038647931037231416 0.997352389335791 -0.05757993729708629 -0.02188834698178457 -171.88880673508885 54.30024908313956 14.299186425934575
cameraImage_255.jpg -0.07906646860075042 0.7116936471092854 0.6979660831942082 0.009164765017463257 -31.375844605701985 -111.0669965852548 -8.595560997521131
cameraImage_288.jpg -0.06536201422157693 0.7102618262825098 0.7008144452812173 0.01072653289337214 -22.812276725703867 212.52011188677758 25.714589830805483
cameraImage_522.jpg -0.06640547674084346 0.7001253447600628 0.7109231305789835 -0.0017654153059413094 -166.26594330462663 335.34129227919476 49.97814211972764
cameraImage_305.jpg -0.06785525012722682 0.7053517720579537 0.7055988120149298 -0.0022043520583291927 -22.824716887719045 379.513638201539 41.21807968369988
cameraImage_750.jpg 0.056276088279285125 -0.00021735553054388475 0.9929502708410477 -0.10432024866364906 -630.3591660615907 -188.0780129972239 -23.260637100169312
cameraImage_456.jpg -0.27039003269908934 0.9617002161109124 -0.015852007462734248 -0.042078954461945 -175.1432037521376 92.67249147530433 77.09562008650144
cameraImage_409.jpg -0.1217706273808802 0.7001430507748966 -0.7000492575044289 -0.07001899618235283 96.23801961738337 -186.7677039133346 -44.130191916306636
cameraImage_171.jpg -0.1375714166702086 0.7065965289072508 -0.6927086905603325 -0.044160170671839354 -29.467091002848473 -353.943161442096 -96.32860404628859
cameraImage_240.jpg 0.07558607627253325 0.9970476735318871 -0.01313850369822983 -0.003171986592933989 -172.91571826892962 22.023580143714643 2.05636514837201
cameraImage_475.jpg -0.03657854075277639 0.7053959233546598 0.7076517330820608 0.01753927983072915 -164.9404759120869 -126.45519290039954 -0.3655356560707802
cameraImage_741.jpg 0.05288916416684786 -0.003877127227133988 0.9974649655398687 0.047448358440992856 -625.7202827527924 -258.1495909899561 -82.23652136097313
cameraImage_272.jpg -0.07744205564907156 0.7091158900715351 0.7007822122387319 0.007853246124413626 -26.491450344771923 54.787996768011276 10.72242955032338
cameraImage_689.jpg 0.041144979762097196 -0.00731882982350095 0.9981683096101072 0.04374415458655942 -621.1211937472905 -783.8268386481637 -109.00623217500731
cameraImage_204.jpg -0.11245615914568347 0.706305389612728 -0.696737088497931 -0.0551700859672914 -37.728386908228124 -41.49550522624917 -12.511827272249684
cameraImage_341.jpg 0.014574747904684686 0.7785275707330372 0.6193610653877671 -0.10037065813154758 127.99173496772417 674.7910116322823 -108.9318451932638
cameraImage_743.jpg 0.06363061277253915 0.007591999518335853 0.9969933141829292 0.04356418409706957 -629.5439612803879 -223.28479532603853 -91.79877261891507
cameraImage_667.jpg -0.027923601764256758 0.8313150985602747 -0.5547378761009453 -0.02003417553192301 1130.4175370180994 -221.87546959052827 -4.6194804478078115
cameraImage_621.jpg -0.15145210780612448 0.9874441403238755 -0.02128783856347115 -0.039536776682211006 715.8948136320328 579.6655663247509 142.04122498377083
cameraImage_571.jpg -0.004838871641865341 0.9496719979266358 -0.31320855533394226 0.0002872993048370566 659.8239231753087 -247.48670570943062 10.40133204892156
cameraImage_419.jpg 0.14101954098012384 -0.6597867399826443 0.7201950601817544 0.16159833568025603 73.52761029988116 -69.44553937151731 -32.721101979168004
cameraImage_300.jpg -0.055347059063240264 0.7033949274480653 0.708594627424927 -0.008119918590130865 -26.609129977447708 331.16008280274974 26.959949685750246
cameraImage_215.jpg -0.1182437924525796 0.7029929591203263 -0.7004452478108314 -0.03457975987337827 -39.95367090860173 64.9485823508298 10.80420840282095
cameraImage_504.jpg -0.05493585416990122 0.7112610944886119 0.7006338544755095 0.014209481210617454 -161.07645605084474 162.84989757404162 27.776130129363217
cameraImage_177.jpg -0.14693597596010927 0.7011780194606276 -0.6954133099372837 -0.0562097176295487 -33.80326283335256 -294.45879891694074 -91.56739502397025
cameraImage_562.jpg -0.001017899773547959 0.6935108183821 0.7172524989495169 -0.0677536819495048 -187.47303748911872 691.4623447660432 -38.7306599990842
cameraImage_343.jpg -0.08498216765244158 0.9952697166855088 -0.046504596476092494 0.007317426899864733 694.0280310852916 -44.59106545893446 17.84763845735597
cameraImage_286.jpg -0.04924945366221395 0.7032115526823521 0.7092715178762439 0.0013847084811607962 -27.70632554950057 193.1185155470755 16.602478008101254
cameraImage_492.jpg -0.07191885056020281 0.7080200651793561 0.7024873396313197 0.006841337239932667 -166.32333918115796 42.80152083036024 22.42097232195405
cameraImage_692.jpg 0.05860798970893774 -0.006390101091563063 0.9973462419069643 0.04271702124881274 -620.0073355324284 -752.0980633303343 -127.08704872222712
cameraImage_399.jpg 0.01566148512049967 0.6865244022606717 0.720539709564486 0.09623663504701942 -39.23847986205353 440.9572458512259 56.04003892713113
cameraImage_390.jpg -0.001920135690122059 0.7034948581859876 0.7105938701163612 0.012151104388499732 -119.32073937577141 373.6045358747873 7.24714624337308
cameraImage_290.jpg -0.05697637092853795 0.7093124101560219 0.7025316500851032 0.008881361560669793 -23.33938372368742 232.63156030290182 24.432045047825905
cameraImage_482.jpg -0.04637612736738881 0.7104982581900976 0.7019513927454958 0.017484911835644542 -167.67184547403667 -53.819482795862925 5.123275295911744
cameraImage_217.jpg -0.11581252388835662 0.7041338580940286 -0.6998981489736511 -0.03042285751675264 -40.35985126497901 84.58144413233168 14.399860165049127
cameraImage_330.jpg -0.03777929693100878 0.7079933896425609 0.7051921849848352 0.004697571941894962 -18.052853417239735 630.9170347071366 47.8587483953132
cameraImage_471.jpg -0.014024490544961743 0.712582561220297 0.7011731387954342 -0.01963763074902301 -168.94525896483495 -161.68689429860305 14.140226455826603
cameraImage_528.jpg -0.07576337521226512 0.7082109235954754 0.7019238793146941 -0.00025753504580880763 -156.1516261478226 397.50485997470935 64.114152546745
cameraImage_680.jpg 0.05440404057555676 0.007274161221915017 0.997678502131514 0.04030996566841741 -643.8048698129127 -854.4947178941883 -127.08363386104466
cameraImage_510.jpg -0.05919558013428383 0.7091862456606592 0.7024560414240021 0.010308352207079464 -161.32782928746448 220.9217559657127 35.324436639672804
cameraImage_609.jpg -0.1360497555421427 0.9889861284454597 -0.018368278945054238 -0.05531282028590362 702.5812734952783 475.52998067363905 70.26795232847694
cameraImage_540.jpg -0.03768313034486382 0.7209355005232249 0.6919043217181556 0.01001974852371877 -138.78345268867162 524.316891257185 48.39112291853842
cameraImage_486.jpg -0.06429075583441818 0.7013724130255112 0.7098663176207666 0.005766113816433739 -165.36001348733888 -20.114230851724322 15.326689873520397
cameraImage_624.jpg -0.13814457471126443 0.9887815017802926 -0.02302766459330956 -0.05193211798426436 721.256253616081 612.8347056221047 116.77609578479505
cameraImage_736.jpg 0.061157824498782834 -0.0021985149140540195 0.9970787858469675 0.04570319298131397 -625.5838389726528 -305.8011383787685 -95.98340015641773
cameraImage_410.jpg -0.10598945802054545 0.7124880470271041 -0.6930771654665779 -0.02776797329349279 108.99803735666706 -183.44432407995362 -24.42605062300068
cameraImage_715.jpg 0.04966281858352811 0.0010382409270624962 0.9979124865388714 0.04126979180858343 -630.9863218743174 -512.8604045959796 -95.38555836088105
cameraImage_316.jpg -0.06191891403041003 0.7086163038953565 0.7028716236079297 -0.0006801953628873481 -17.14562703654544 488.5639277223506 50.239579127828534
cameraImage_322.jpg -0.05418485727312957 0.710729998165963 0.7013631684041501 0.004071480736990931 -13.41260648309084 549.4199965100175 53.996410976970935
cameraImage_141.jpg 0.14989403358919184 -0.693831381838329 0.7028356611558292 0.046387775095653005 -41.84259507531682 -637.4703091633859 -181.761999159666
cameraImage_586.jpg -0.1689549900062043 0.9835663021711719 -0.009445128308149432 -0.06294704231790828 679.8889873722877 263.835539758702 17.376186050725682
cameraImage_440.jpg -0.10664095401841545 0.7093556710958376 -0.6948214603528651 -0.05162728971511957 96.33090998620358 107.82239144631275 35.73788970881179
cameraImage_554.jpg -0.06945930466726102 0.7069102050844509 0.703875934283623 -0.003469305255625093 -154.73288656773153 656.0707771216906 86.94019381469732
cameraImage_408.jpg 0.1190183365781808 -0.696891102082944 0.7067474090538642 0.026182574194149474 96.72199505961788 -206.09156997712498 -28.292813222071047
cameraImage_417.jpg -0.08617427932177409 0.7050001724560632 -0.7011681814091927 -0.06254543788014368 92.42470544902648 -119.29301883248327 -15.072928806844926
cameraImage_183.jpg -0.14123962553253588 0.7081397897935319 -0.6909647808668796 -0.03401584766234156 -29.602291093693122 -241.36862009774967 -66.74334744159556
cameraImage_574.jpg -0.037428636314956146 0.94911989363787 -0.3123764408344075 -0.013837770632147898 660.247176282644 -235.17172754923882 -10.812926611906365
cameraImage_436.jpg -0.11243651704080482 0.7059082045766348 -0.6975413229369052 -0.049877240727178584 97.7758310723322 67.94051540242683 27.735336802401438
cameraImage_669.jpg 0.06095791388652507 -0.13976438922488785 0.9862971091461359 -0.06299254502853949 -353.3931724144148 -1090.5496632043792 82.83339005146
cameraImage_298.jpg -0.045890184448696913 0.7036138874671686 0.70895855189466 0.014119491139201534 -27.186547054329242 310.9097645221521 29.605925964732418
cameraImage_367.jpg -0.13404337525194618 0.7062068110731862 -0.6942838545524033 -0.03569653838629274 113.45726326274246 -596.1282270035064 -123.35619282990777
cameraImage_366.jpg -0.12819009129598263 0.7109570633264304 -0.6905340474275142 -0.03563823709390533 120.26421846799353 -605.1452121314896 -120.45817422642374
cameraImage_500.jpg -0.0502473567936598 0.7072107271744714 0.705080165683096 0.013789505607684585 -163.68489417614393 121.93519807763492 22.30537926131289
cameraImage_596.jpg -0.14318316129020717 0.9874530946547284 -0.015036407458395589 -0.06487584011392714 689.513126506613 355.34457103853816 28.003437055930448
cameraImage_581.jpg -0.15483263914180617 0.9856797496669873 0.012342854370503127 -0.0656501248955134 665.9299614019098 248.01024294414057 -3.8797690650299437
cameraImage_449.jpg 0.005518852645342248 0.7117314330864247 -0.6999883696812557 0.05851659365685788 97.97935907553446 178.77712637485635 -4.288566609447801
cameraImage_216.jpg 0.11798434358393164 -0.7000826532853675 0.7033743490865193 0.035049939873049336 -39.39645019925467 75.05256410706635 13.210615798610538
cameraImage_484.jpg -0.05228050025500664 0.6949505543826683 0.7168753616114044 0.020004803693766785 -164.57503073822463 -41.92597921031729 6.839238235425665
cameraImage_158.jpg -0.1445064376676079 0.7092721184337877 -0.6883316674247617 -0.0474390883693161 -20.64070990816876 -478.5093943367794 -133.1671572717323
cameraImage_676.jpg 0.049046970057224595 -0.005647719294521965 0.9977874993212218 0.04452644375289063 -621.4511630975296 -908.8866895061643 -130.07700541237702
cameraImage_732.jpg 0.060971170723131816 -0.0014238131267130998 0.9972701140856054 0.04162701825154466 -626.2012630611969 -345.366558756496 -96.19411057039797
cameraImage_461.jpg 0.09626901375037358 0.9950242569003217 -0.008149524299581292 -0.02434318026025895 -179.68335800251134 160.64510616264366 -15.687385295426738
cameraImage_339.jpg 0.03151446011179027 0.7083797341321522 0.701124698574612 -0.075027649059424 -16.956130400044934 686.7554623659524 -93.0740336097765
cameraImage_435.jpg -0.10930882289830145 0.7072469570418478 -0.6961021256313362 -0.05740342919347048 97.90082726501258 58.97542349361043 24.409367697759308
cameraImage_380.jpg -0.11234486527216472 0.5958695193509066 0.6805664671268405 -0.41127537122710234 -227.0164085800219 405.7332098054043 -20.876927413062198
cameraImage_721.jpg 0.057202875758041595 -0.003256494887604467 0.9972735379230306 0.04650501913276994 -625.7131156515519 -458.22630090144895 -104.95896071979728
cameraImage_221.jpg -0.11502386716594597 0.7075610548012545 -0.6964574280096137 -0.03277063748175698 -41.63098943788044 122.27972314030612 23.118036306608587
cameraImage_626.jpg -0.12856994606322567 0.99036050192108 -0.024989541956814517 -0.045070699980286025 724.5604784392299 631.4721639807606 118.90780761936749
cameraImage_429.jpg -0.13588052705606263 0.7032727419761742 -0.6964044931241762 -0.04432510255756884 97.85653289336828 -0.802384570943773 15.427058037110227
cameraImage_376.jpg -0.09966366951485364 0.7087353452276226 -0.6971773360787368 -0.041293164834777935 108.5452130874778 -513.9442944820344 -88.06549706129515
cameraImage_690.jpg 0.04978154989460668 -0.005511673688022462 0.9979404207648799 0.040079113598757155 -622.8999642703474 -772.0442290894149 -113.4428706003674
cameraImage_447.jpg 0.07672805176409292 -0.6878768032347671 0.7207557532220111 0.038071693439819164 107.35869567583627 160.28355767595403 36.881414568224834
cameraImage_424.jpg -0.13470186761498826 0.6999755337547011 -0.6994249861371897 -0.051907107151602294 98.46759384691691 -48.7423213473469 0.9466747285565374
cameraImage_247.jpg -0.006747948174055694 0.6689321139571162 0.7410709005307505 -0.057430066157430126 -9.489232461054934 -178.8723064721834 17.42343424206775
cameraImage_656.jpg -0.25576869045751743 0.8219739481900965 -0.48434482525285594 -0.15604901707223495 1146.1929206384527 -128.02677275837274 -87.23362271833604
cameraImage_234.jpg -0.0016411743308167666 0.8994649316036331 -0.11953894143529352 -0.42032200137824927 422.1260226857258 639.5577014295149 -424.24044678670367
cameraImage_638.jpg -0.14399648715875135 0.9878083278023739 -0.013046903542756614 -0.057701798222965055 719.214385982807 760.5576793815759 159.15271780680405
cameraImage_516.jpg -0.06489545325682 0.7103094309600099 0.7008887283128712 0.0020206335207611733 -157.8449360301631 280.92594830365215 43.78691569198536
cameraImage_398.jpg -0.02382400395931735 0.6976942070927571 0.7094632100704519 0.09652545664789838 -33.15693539168905 439.10716492568974 80.1349034094984
cameraImage_481.jpg -0.041300136046522024 0.7084196920256831 0.7045135622716695 0.009822387085586519 -167.40694965476575 -65.12088418699709 6.267055457693908
cameraImage_688.jpg 0.06591042428239269 -0.008509156526473815 0.9971154199244848 0.03666400925896357 -615.7394594782406 -795.3620806811967 -129.5973641883429
cameraImage_458.jpg -0.13967391755741446 0.9893409744332783 -0.029543882641125317 -0.02868435218137385 -169.69151457543072 132.3881210567773 51.147187728664335
cameraImage_546.jpg -0.06291589029904245 0.7053338447399493 0.7060587296261003 -0.0051796265327003245 -158.9705712716885 577.1777753942141 70.53984001442679
cameraImage_537.jpg -0.038470920520135204 0.6986693148053652 0.7142525060485225 -0.014984472868283574 -170.9691055240432 484.8715014597448 35.620927573192056
cameraImage_220.jpg -0.11259318614942214 0.7089391098918734 -0.6955064682220505 -0.031604834436041986 -41.65028026350447 113.16364491707435 20.34705627247963
cameraImage_274.jpg -0.07174838630892208 0.7080534107702615 0.702422311985976 0.0107439370317267 -26.20460710520113 74.73705768289177 12.148377679728268
cameraImage_198.jpg -0.12893332140250605 0.7054236564392394 -0.695447130858449 -0.04590154407821168 -36.348347763246565 -97.81820409446479 -29.466839826238
cameraImage_284.jpg -0.057467702139489034 0.7062024479640191 0.7056160191191535 0.009033231031692303 -26.324421519334656 173.0456636487106 19.024983358382418
cameraImage_151.jpg -0.14979442990999767 0.7051210598329769 -0.69185483331972 -0.041265110688092674 -23.17597114887981 -545.9909443048809 -151.08157428936812
cameraImage_444.jpg -0.07761393673543385 0.7092134176582479 -0.7007084718368934 -0.00020623758527343555 96.73345759875853 149.40138152424123 31.30095301456787
cameraImage_696.jpg 0.05603493755541731 0.0005791088124856569 0.9973860022677294 0.045617024086856625 -630.6104809627077 -703.2396830834039 -124.7959965958019
cameraImage_162.jpg -0.1383060466942645 0.7063342352428669 -0.6927743845756791 -0.04502263483479574 -27.39224499390794 -440.5910608444596 -117.89656999976904
cameraImage_309.jpg -0.05742680465770312 0.7014003749953538 0.7104447476777453 -0.002817190140419333 -28.27735229242361 419.10497274736775 38.952267747068454
cameraImage_195.jpg -0.09251143049623849 0.7138389470320772 -0.6922954989086513 -0.051015047961321384 -34.75268288568093 -128.71211111619297 -28.703362399652526
cameraImage_722.jpg 0.05390371740613891 -0.0031044645807412744 0.9973726515699711 0.04829643309553129 -626.1977903837135 -447.78549302959277 -101.53926900812
cameraImage_501.jpg -0.054791731315440226 0.7074357401885822 0.7044663386224812 0.016115751025805185 -163.8607224081215 131.93266234638375 24.574993183075964
cameraImage_597.jpg -0.15134824909812922 0.9870636243487033 -0.017745027268352583 -0.049841980195181955 692.7557345443855 356.97772168963445 56.48492347817965
cameraImage_218.jpg -0.1079882660789873 0.7071692165419425 -0.6973486040662883 -0.04421716828912183 -40.781276798881365 93.56266158600407 18.61257668205382
cameraImage_182.jpg -0.14382258360246 0.7034799376858747 -0.6951549758109671 -0.034505091285867866 -32.39192673237761 -249.9216408437318 -70.56062569898349
cameraImage_582.jpg -0.17246937563774478 0.9834481506461177 -0.0002729402098055731 -0.05553354807230907 673.5256153705574 236.86152657067188 17.93901798865428
cameraImage_555.jpg 0.028058963781144707 0.6991789936192544 0.7082511187039933 -0.09349749883091704 -174.155517516991 661.2987733965159 -89.2770927477615
cameraImage_184.jpg -0.13614314965322333 0.708262667607253 -0.6903974466418445 -0.05639505427587958 -30.829529762935586 -230.63331937513257 -68.61945988600635
cameraImage_269.jpg -0.07722879888200694 0.7079466026254198 0.7018319605214344 0.016709866696333002 -27.18234191639098 24.83950395754257 7.111387885984181
cameraImage_679.jpg 0.054190656334726264 0.003379765593908489 0.9975207610139918 0.04476920031235594 -636.604241294727 -868.3373512165738 -135.06976378736204
cameraImage_179.jpg -0.1545995075143675 0.7035977580625384 -0.6893894271837047 -0.07610127996958026 -30.388326257565858 -272.90607179687197 -96.43285165697813
cameraImage_477.jpg -0.016069035172615022 0.7075879364316654 0.7062198960238939 0.01773574878598839 -166.834803163143 -105.15102274077061 -1.0654476622035391
cameraImage_636.jpg -0.14895908183369988 0.9872622215538732 -0.012463348138845783 -0.05449002463700848 717.0653845365404 739.5375950455856 165.2298728252179
cameraImage_190.jpg -0.1259760619617249 0.7043831060922328 -0.696304539686008 -0.05598624542805461 -35.66395595277042 -173.94257087552302 -49.80902207722371
cameraImage_312.jpg -0.06868253604843534 0.7073597121410881 0.7035053079904936 0.0022865937184580673 -19.138600117031334 448.0218776324364 52.1895015789921
cameraImage_483.jpg -0.051577949307906365 0.702563879886696 0.7095901172900899 0.015019163358128156 -165.8306864928526 -48.325417953366305 7.534832474369956
cameraImage_657.jpg -0.259630437487627 0.828239255337911 -0.47601897918238567 -0.1414839330293163 1149.944743766499 -111.11426606768896 -44.36106176485021
cameraImage_388.jpg 0.12774859952463025 -0.6947952095024258 0.7043211934393352 0.06979662344387699 90.68976834832155 -387.51811613047016 -100.55674718272607
cameraImage_275.jpg -0.08301214204045186 0.7081055590375194 0.7010578932353179 0.01460588465229078 -25.652916638711066 84.36897244299902 15.167909897763051
cameraImage_283.jpg -0.06465156290889712 0.7080211062723625 0.7031757487894247 0.008375846269393491 -25.30651162639588 163.2915518177659 19.835880338406035
cameraImage_344.jpg -0.28308175581825573 0.9583413562126074 0.000942121291331032 -0.03802205810981115 692.7674173239952 31.227361168729953 -29.01697838800852
cameraImage_308.jpg -0.057362028831479075 0.7046530852743041 0.7072149889303929 -0.004537234171408848 -24.335689812078964 409.48174856242383 36.91813749041912
cameraImage_303.jpg -0.06605498742660533 0.7087380606183658 0.7023554504259824 0.004890943048580879 -20.116302250555393 360.19084061705485 41.149700269293305
cameraImage_487.jpg -0.06173587058379111 0.7043737625754101 0.7070844655595737 0.008822893116996225 -165.63834917936342 -8.589499435357482 14.962250373148702
cameraImage_384.jpg -0.49638086967562106 -0.0860570749741754 0.7118508158163094 -0.4893553188518728 -312.9341771251055 81.80288458125817 637.4249922627575
cameraImage_415.jpg 0.12039767611201044 -0.6950132473708306 0.7075579233602717 0.04269391825517603 96.14047396587168 -138.68199077159798 -19.571528993190938
cameraImage_723.jpg 0.05623386935891555 -0.0007479834797268521 0.9971800232845527 0.04969098127283968 -627.3510433391955 -434.25569794447955 -104.52130576578203
cameraImage_416.jpg 0.11713293761375243 -0.6874633219174443 0.7139950017620419 0.062331319599596126 90.37986283652658 -123.62090437071211 -22.66431886217463
cameraImage_699.jpg 0.05620029491767789 -0.0027668551043094395 0.9975032995310814 0.042673631068887934 -625.8901659545838 -677.9683286785807 -118.2363467137895
cameraImage_153.jpg -0.14193013540686178 0.7070157343272131 -0.6914190584128461 -0.04386654466259014 -23.182106299961774 -528.1139609659342 -141.36468044450456
cameraImage_685.jpg 0.05100381261834744 -0.011503088814746862 0.9975488283191621 0.046504033859217475 -612.0705793881341 -827.745982593614 -128.94523291504507
cameraImage_400.jpg 0.24648417713360815 0.6220388820137037 0.721764486971622 -0.1771135371237905 -79.51547558240836 135.7028908140512 -164.85314927901163
cameraImage_445.jpg -0.04610143102725111 -0.6781976932736699 0.728008271225467 -0.08903091554522027 111.99988417308647 150.57555757968336 -18.595964078324748
cameraImage_505.jpg -0.057632457312481615 0.705759994226238 0.7060429520247303 0.009202190506033294 -162.8731584898059 170.11196700312442 29.942166386436636
cameraImage_418.jpg -0.3783246615381356 0.639560090673407 0.6672562469217344 0.051014133667043854 -227.6575206387421 227.64648925776964 213.9430650255168
cameraImage_599.jpg -0.14888768815034426 0.9874948499553323 -0.016965134125986183 -0.048975114630087836 693.6756876554342 377.5406862277211 61.857910577969264
cameraImage_264.jpg -0.0778065546123496 0.7059521250585187 0.7038937729901181 0.010549574894432923 -28.04834551200806 -24.57710050430757 1.3019942113068488
cameraImage_146.jpg -0.15481905277893745 0.7070175431970445 -0.6880505440112654 -0.05238037222137238 -16.858631978937325 -590.0448873802774 -176.39294297646921
cameraImage_606.jpg -0.13110358519357804 0.9901169628427884 -0.018849616448078158 -0.04609709101583864 699.7915223027585 445.36699771395774 70.01697404273827
cameraImage_659.jpg -0.18321370909231272 0.8482686574118504 -0.4893012339920445 -0.08635579926788835 1148.6932598841354 -112.58313117776694 6.736923035748537
cameraImage_480.jpg -0.04574587870992842 0.7037587853985349 0.7089241888523056 0.007575025777933125 -166.31276010603003 -77.95921157996281 6.814347235801299
cameraImage_411.jpg -0.03198973509418141 0.7112851449613957 -0.6964827284956727 -0.08922952601618118 83.1041968722843 -176.57193878958861 -23.993459654772366
cameraImage_267.jpg -0.07731233398489429 0.707164142805077 0.7027534022653162 0.008906949482982348 -27.593435299854704 5.0966010180735655 4.777276684299696
cameraImage_485.jpg -0.06424292909718834 0.6964278679177349 0.7147404408771026 -0.0026782500585310703 -164.97291687564362 -32.23424989882641 16.472935562325716
cameraImage_233.jpg 0.3461760761024664 -0.505001373266209 0.7796800542921597 -0.1312811878089054 504.9892754486444 -853.8309071101386 294.72858163723714
cameraImage_360.jpg -0.13765559132133012 0.7066441753619714 -0.6933274944072411 -0.031653326901791914 116.18906151850304 -662.4795345335873 -137.72763338204135
cameraImage_593.jpg -0.14951442302499346 0.9869262647806847 -0.01556599267620077 -0.05813505883332376 687.9681884129026 323.778966069921 32.72034268416924
cameraImage_289.jpg -0.0662856705982523 0.705487829679117 0.7056127824927482 -0.0019321570409287449 -25.351997295851202 222.34505294527852 23.8088941339287
cameraImage_196.jpg -0.09083215211370634 0.713572616224681 -0.6913477077344699 -0.06783795786246709 -34.999811238177195 -118.75444599773533 -28.17498500470088
cameraImage_490.jpg -0.07042304733833724 0.7153157134557573 0.6951136231076191 0.013456428094475312 -166.11780549435443 26.74511662530806 18.86319898774269
cameraImage_588.jpg -0.16518683967470152 0.9838351099110827 -0.01281657016101129 -0.06795233648551673 682.5868231003594 279.50136980641116 14.226608432869023
cameraImage_548.jpg -0.054934934461751 0.7025562955142018 0.7094656674858534 -0.007434464869518697 -164.56628065186018 596.5042967410561 62.90594639170432
cameraImage_702.jpg 0.05773024773577027 -0.0015252856887160477 0.9975810301089979 0.0386908305235928 -627.5380763427336 -646.9485191157694 -112.67575070703172
cameraImage_619.jpg -0.15331058719925367 0.986084335628244 -0.01839936554111197 -0.06160365434704103 712.5533854236558 568.4041611773534 108.4964271338573
cameraImage_711.jpg 0.04826345058241418 -0.006759878350019482 0.9977942567332039 0.045072881123849315 -622.4879159847573 -563.5423633384079 -101.09065840472455
cameraImage_459.jpg -0.13704433009320058 0.9895805582271424 -0.031298636312513395 -0.031137850490042564 -168.96951589383863 142.75811206632488 54.16385901579467
cameraImage_580.jpg -0.12749741800378894 0.990096858567282 0.0005586838552282053 -0.05875633523218016 670.8868802710384 223.92125220841075 -12.727281638161621
cameraImage_706.jpg 0.05752965930714398 -0.005224961756012363 0.9973780158733654 0.04359049812930209 -622.2951427155356 -611.0264528794254 -115.40518705066917
cameraImage_395.jpg 0.06505474031404679 0.7101447417463067 0.698635430803541 -0.05805911951359848 -30.719624199953458 368.41670753864076 -51.72325466935984
cameraImage_160.jpg -0.14080433912892001 0.7081094460244283 -0.6899846586908014 -0.05173317412245559 -23.776622522428237 -458.8081091391698 -128.22755042064733
cameraImage_345.jpg -0.27637632397702205 0.9602980513333325 0.01976771867529403 -0.032450230333969286 692.7101339587836 59.1034571959726 -11.82860357123966
cameraImage_716.jpg 0.053171904237536205 0.0007436806724736558 0.997721255019929 0.041527013139260736 -630.4692420006733 -503.50710035029704 -99.47258565278501
cameraImage_222.jpg -0.117540052583819 0.703646663745808 -0.7000173836405074 -0.032270284149433066 -40.81264037267156 132.1748386014625 25.62915746404241
cameraImage_235.jpg 0.26657946613135347 -0.18395704908104807 -0.34198951833629965 0.8821215118557202 -233.10397540243224 821.2167222512294 803.902319556667
cameraImage_281.jpg -0.07405385719554679 0.7139606811021558 0.6961651125840462 0.011415257134583153 -22.453227191667235 143.48608982946877 20.418611722329675
cameraImage_503.jpg -0.06317337471281106 0.7072985357864636 0.7040328377381515 0.008698815326601224 -162.94302785292845 151.8233474734956 30.408641975307276
cameraImage_338.jpg 0.03674411712337204 0.6960398572258967 0.7121768663446562 -0.08356134305576242 -40.46327529784969 681.681338927791 -105.16594651390953
cameraImage_547.jpg -0.048231092184105026 0.69946107141173 0.7129311294558315 -0.012536984450636727 -170.36968137686046 585.0472736207377 52.17179386433145
cameraImage_633.jpg -0.1497739224859874 0.9873089265957982 -0.010795741029097194 -0.051694367034011576 712.4818569091892 712.0995609035438 161.83596937441834
cameraImage_590.jpg -0.168795880039421 0.9835964150675798 -0.017411342753291138 -0.06117914915598574 687.3501490248735 290.12947458931313 30.731604183024263
cameraImage_518.jpg -0.057661608503193594 0.7126641999434802 0.6991205393241835 -0.003917718571711854 -156.26624284933135 302.61286723385746 39.71647325592313
cameraImage_205.jpg -0.12060100099876216 0.7021197755632805 -0.7001835297504532 -0.047183090056302404 -38.38088593823614 -31.398021854960017 -11.078930366337072
cameraImage_553.jpg -0.07270190132041136 0.7057162477214662 0.7047496988054284 -0.002621694106815912 -156.49091949843591 645.5238493899233 89.93221083628484
cameraImage_201.jpg -0.1326163997609131 0.701490583640258 -0.6992736469947007 -0.03660899066125101 -37.33485676135169 -69.2422733927573 -22.411986958724153
cameraImage_607.jpg -0.14188885924325711 0.9883545473222697 -0.01711164132522452 -0.05224970948432567 699.5827020048812 456.31212985317086 74.70573611229912
cameraImage_352.jpg 0.008069127293467971 0.9986865801226982 -0.035326048373173116 -0.03622256443003716 700.864473052467 39.382721941408235 -41.44675223474846
cameraImage_725.jpg 0.059350197953109966 -0.0025336685914651015 0.9971670941456489 0.046140230596722794 -625.4845855954196 -416.8278145081614 -103.55666435430828
cameraImage_393.jpg 0.08014437758308461 0.7118632537730483 0.6974218984563935 0.02074324523668006 -9.238332261020135 362.321947311274 -31.209653514824637
cameraImage_515.jpg -0.05769070352912936 0.7071989899921435 0.7046538050786691 0.002094342034665181 -160.91892275305713 269.4653829444534 38.45427319988615
cameraImage_559.jpg 0.04261099805470082 0.6965671241879526 0.705498288709877 -0.12349376086565016 -177.75422570599864 675.8429622622825 -131.9861423196265
cameraImage_613.jpg -0.1624759755245825 0.9857118019041394 -0.016954807368645197 -0.0410650151749904 704.8266873501426 505.9251192008643 128.34682370331444
cameraImage_735.jpg 0.059910257179709415 0.0005769976694572484 0.9975311896451271 0.03663268818320784 -628.0690461249849 -313.61672638100725 -89.31033698392683
cameraImage_653.jpg -0.07267379492868402 0.9954569432032048 -0.02255502876924698 -0.05722992605633257 738.1485825327578 888.2678504891304 64.56394839934157
cameraImage_295.jpg -0.04726554444643479 0.7057307646956363 0.7068057301110756 0.01164971898564567 -25.64059997982563 282.26085165748015 26.31082389409132
cameraImage_192.jpg -0.15714635041985928 0.7074049880648031 -0.686561431052935 -0.05930100168884831 -31.85822038720506 -153.13430716163887 -53.65959771773747
cameraImage_531.jpg -0.06581575993024127 0.7214059185664371 0.6893016333070838 0.01024913275867979 -140.4750720319568 433.29371764150727 63.61017950735561
