cameraImage_304.jpg -0.06276698560472867 0.7084192170838718 0.7029917911837703 0.002249424949721931 -20.31930673740647 369.597728457287 40.63163866424744
cameraImage_643.jpg -0.14749216569800996 0.9872031111722519 -0.013218604944359492 -0.05917217955140491 723.397451067015 806.7224177831462 178.6092465215381
cameraImage_439.jpg -0.1126727357747765 0.7069642891167177 -0.6970023928773386 -0.04115838735889953 96.73102884385183 96.82740670000517 36.365590480804755
cameraImage_630.jpg -0.15317796036392425 0.9870233164155793 -0.004879916513446218 -0.04793403514791475 701.5545769935385 688.9534809899426 165.7543476283157
cameraImage_282.jpg -0.07175676423295364 0.7128675037603748 0.6975396101420077 0.010458544459141756 -22.64671909925187 152.6545506742625 22.23266285078258
cameraImage_494.jpg -0.06315845962274912 0.7015955091357344 0.7097568608080397 0.00446643868961172 -168.54631255491455 58.662099144496935 23.195957673640617
cameraImage_530.jpg -0.06858092536765462 0.7126327143435968 0.6981730680618591 -0.002374480171404299 -152.207135122001 419.7543292822474 61.33965326152977
cameraImage_585.jpg -0.16468239967087536 0.9841283215049333 -0.008034617475054996 -0.06562468264726569 677.8515468738784 256.83933776138537 10.26504087041427
cameraImage_167.jpg -0.14326194811867357 0.704424865961493 -0.6935299310038754 -0.04772690266646602 -29.62616411189685 -391.653032404132 -109.21246808596452
cameraImage_311.jpg -0.07213752840320213 0.709058383516508 0.7013627152220306 0.011078242514714681 -17.340351479561836 437.01787168863984 59.61244639675855
cameraImage_717.jpg 0.05199591579350663 -0.0009788519977875177 0.9979839242780195 0.03638067443308166 -630.2274223491098 -497.609670943959 -90.80220933671615
cameraImage_726.jpg 0.0633140339386002 -0.0016752435364102921 0.9970291569152548 0.043833627803005086 -625.6247433861568 -406.73626024639077 -104.44068047391964
cameraImage_452.jpg -0.013246751386796672 0.8406918074156187 -0.5364268971962394 0.07285597083542909 15.285236720450325 205.68903989769373 -3.8635850701334533
cameraImage_176.jpg -0.14573837668343642 0.7031396291397762 -0.6950587230719762 -0.03533212385929842 -32.05374359011441 -307.3797229239583 -84.0468782139527
cameraImage_575.jpg -0.08243764638730844 0.950875074589759 -0.29771605643191873 -0.02014390043334616 666.4055432461968 -214.70490215518078 -18.24001751732828
cameraImage_207.jpg -0.12013457150598404 0.705802085843361 -0.6967278970572016 -0.044512220911625974 -38.77281688730109 -13.02078907077483 -5.121423681292845
cameraImage_227.jpg -0.04946760068286998 0.7193839023083145 -0.6919419354981178 0.035441719504838896 -45.25773197309266 166.89528410813762 2.0777796547242646
cameraImage_172.jpg -0.13631085625001274 0.7068626356718501 -0.6927910321872158 -0.042487062506202725 -29.759425785051487 -345.6678783694041 -91.07542481212592
cameraImage_278.jpg -0.0738445321585641 0.7013632626572941 0.7089116482734223 0.008990762329087297 -27.857816776724434 112.80468962543084 18.060761036565296
cameraImage_191.jpg -0.12485729439188994 0.7107711445992116 -0.691035816390064 -0.04104310549144491 -32.540429196249384 -166.53761520709793 -42.62060187096095
cameraImage_660.jpg -0.1841779289999882 0.8468030981762217 -0.49247168983032297 -0.08046513595399413 1147.2773019045383 -114.76676683171888 23.535097780177317
cameraImage_616.jpg -0.15642483511174526 0.9856764715986831 -0.010826154921796225 -0.062096365969694194 701.307315780989 548.5196454889052 105.63983460602233
cameraImage_261.jpg -0.09232201263449297 0.7081716861825816 0.6999513485134452 0.006133399273205941 -29.688232971707606 -54.108299503964545 -0.7934540248576784
cameraImage_302.jpg -0.07317906149161417 0.7010357451081047 0.7093610200701927 -0.0008076168066985109 -27.149147452480488 348.9010748984284 42.80778960311448
cameraImage_557.jpg -0.012479595526098775 0.6911405004505086 0.7174808732499702 -0.0859666496554697 -190.69557429963004 675.5634797708362 -35.457940305966034
cameraImage_748.jpg 0.0569355829310114 0.009831448700655701 0.998278168487596 0.01011831674754716 -631.4719495159022 -182.29706930785952 -65.80264555515356
cameraImage_634.jpg -0.14878392509505198 0.9873021055692178 -0.011678931389202642 -0.05441965208916019 714.1236766938969 720.946900064695 160.6972584694957
cameraImage_431.jpg -0.13879450176279898 0.7021803319087386 -0.6974850228892553 -0.034547222842429545 97.25745787674171 17.496890764111026 23.44224886760859
cameraImage_601.jpg -0.1494440638533093 0.9867258880858095 -0.015461956454235856 -0.06163944729542261 693.7034932043205 400.75612309783656 53.14461598401494
cameraImage_561.jpg 0.00620183430332995 0.7062687699013456 0.7007777922908114 -0.1002818415533508 -162.63078256573462 693.6552116477515 -72.64057869922524
cameraImage_163.jpg -0.14309067608561407 0.7061730015811891 -0.6911834102367903 -0.055769558619513965 -26.722307740595532 -428.86802997118923 -123.24449827173356
cameraImage_535.jpg -0.050430463108021774 0.7066985516258845 0.7057117905175256 0.0021895764741179297 -160.66733304253145 467.64951227329675 53.09160195691054
cameraImage_577.jpg -0.19860830420042128 0.9794685386246719 0.011132212518618302 -0.03274442229637289 667.1902814708557 207.7973378471177 49.946869641769055
cameraImage_266.jpg -0.06528953958036453 0.7089525171663207 0.7020935097689655 0.013722534941362968 -28.08817337912237 -5.194212364373928 4.353572033786217
cameraImage_314.jpg -0.05782460577582584 0.7052384865501212 0.706606625715728 -0.001438245458476936 -22.603444764807726 467.76768378273755 46.25148647860295
cameraImage_749.jpg 0.050415844645748546 0.04333635334454698 0.9977679164429144 0.006275986346301474 -642.4090437764457 -135.42801604065806 -56.3371083140152
cameraImage_708.jpg 0.050227596229986606 -0.0024006075642489795 0.9974434942074766 0.050773039336446404 -626.6054786446825 -587.3579989778575 -111.55702724115424
cameraImage_623.jpg -0.17480200310655167 0.9834187604777771 -0.01644567116330855 -0.045401995003287954 713.0091355238937 597.1789927331005 171.403635629987
cameraImage_186.jpg -0.1326540736527075 0.7094514060872865 -0.6901014798648393 -0.05330615942339846 -30.377487469463002 -212.91515171251768 -59.92288850091123
cameraImage_150.jpg -0.15037820858684775 0.7054060572481 -0.6916560090674083 -0.037425310965261964 -22.49946701080309 -556.8949191544855 -149.76630675250829
cameraImage_369.jpg 0.14063626127464424 -0.6995114932117105 0.6994499704023152 0.04092495306794066 103.97582728180444 -577.4003362181118 -128.1472172537596
cameraImage_442.jpg -0.10770571858000555 0.7101676834714697 -0.6948500463515654 -0.035281051899816944 95.23379099063949 127.39474091876114 41.548961517059524
cameraImage_368.jpg -0.14214066953630672 0.70266493739766 -0.6961601222920023 -0.037670942994527015 109.86016068589714 -586.4260788614067 -127.91170450832301
cameraImage_230.jpg -0.06511318586564505 0.7088046143381528 -0.7023230761704192 0.009929169043158888 -40.768354919709694 174.43868432975592 13.204427253494453
cameraImage_373.jpg 0.137713704994349 -0.6978563086099409 0.7009387563821755 0.052118785398791674 100.87295613154379 -538.015561216586 -126.94462202666296
cameraImage_549.jpg -0.05510562969940588 0.7031828688243604 0.7088626353792196 -0.003314623749672359 -165.16329883330872 605.7655280018753 67.30617924393931
cameraImage_526.jpg -0.06567443855008585 0.7078214985206515 0.7032238485023901 -0.012321251989892012 -159.24001077935867 376.8443657982184 51.59672559836333
cameraImage_745.jpg 0.052453063835570635 -0.003656670133547586 0.9977229704885117 0.04223954329033827 -626.8614681006018 -218.5979330394906 -74.5618442508767
cameraImage_746.jpg 0.05037452615717156 0.0007822680209635212 0.9901600467187203 -0.13055603032095148 -632.1095270034169 -205.4530530187913 0.6451174231325754
cameraImage_556.jpg 0.059062955722799335 0.6819928207465024 0.7142635884426667 -0.14568763137796265 -203.61241585491865 647.1900359926763 -160.43038061052624
cameraImage_405.jpg 0.12053788479540849 -0.7001430253596775 0.7006368066014779 0.06616968795853624 94.40547954964988 -222.18089115631844 -47.343187503557786
cameraImage_649.jpg 0.03872332402277786 0.996722113634786 -0.03082772044216451 -0.06399362484162771 737.9798380295841 864.3516801384766 -144.68802299138972
cameraImage_730.jpg 0.057375918707831826 0.0025693648450851375 0.9974510217341973 0.04234219595310812 -630.0001474710879 -361.78093389260073 -92.40090545337748
cameraImage_193.jpg -0.14416157453714837 0.7034381143061361 -0.6929186806015105 -0.06523773326732939 -34.88792339018193 -144.33000748278474 -46.968856120346814
cameraImage_325.jpg -0.05767167012532006 0.7119207629607587 0.6998809466689052 0.003076722308504735 -9.931678637036258 578.6746754995976 60.40068684572812
cameraImage_664.jpg -0.02911558814952314 0.8583286960991772 -0.5122449826438319 0.005404603187517783 1145.6735467189183 -112.06308414865904 55.37268710857023
cameraImage_587.jpg -0.17114449806773774 0.9828789598921308 -0.009123551946611855 -0.06764075533568732 679.7107028231442 273.7245439251837 17.162638916714023
cameraImage_174.jpg -0.1421489578298674 0.7103649766907076 -0.6881012346895782 -0.0411334960557867 -25.670465515755538 -326.22712470709325 -88.66953259438696
cameraImage_698.jpg 0.0572383952401041 0.0002943673408216975 0.9975501592477486 0.04021640514762112 -630.1958611096194 -685.2515435197614 -115.6975525978167
cameraImage_443.jpg -0.12297340488847171 0.7062655540628965 -0.6962659315760269 -0.03578074008365027 95.27955899485522 135.2689635142804 48.61870745443003
cameraImage_523.jpg -0.06709766921610352 0.7000994935096875 0.710850562525813 -0.007076703327246357 -166.33182688502146 345.1696966703457 51.64053731364107
cameraImage_392.jpg 0.12249096719811693 -0.6963928870130862 0.7052068827683052 0.05211681464420153 94.24977679334998 -356.3550005597939 -75.21214750706227
cameraImage_348.jpg -0.16045091837678427 0.985893812819522 0.003364066468001632 -0.047513952614268766 693.8585567901357 68.23453598570897 -34.82674836407477
cameraImage_737.jpg 0.05940575560182 -0.005610123145581271 0.9971791840226101 0.04553194122448553 -624.6265314229538 -300.34943567367594 -91.63371022667688
cameraImage_301.jpg -0.0666670523096628 0.7025068877666344 0.7084414185189895 0.012261048225186385 -26.538736758425895 338.77927282324504 44.013216126010654
cameraImage_569.jpg -0.1785887326084552 0.9365808256053919 -0.29854667624735803 -0.042335609069474076 665.923615134864 -243.68402773865748 -62.8899384425944
cameraImage_729.jpg 0.05333060781847472 0.0007059007045165436 0.9975892287996116 0.04439683048263803 -629.7884746062686 -374.37769391328516 -89.80857752410739
cameraImage_467.jpg -0.029297286482873434 0.8750010035306744 0.4817886289058356 -0.037344743700929904 -238.5167164757568 -63.50486363677099 27.227281487094103
cameraImage_226.jpg 0.08739506576741272 -0.7030285963372811 0.7056330129505073 0.013962315206669625 -39.33849328407251 162.49933323080572 23.279953781962174
cameraImage_326.jpg -0.04939707689130513 0.7102464012105679 0.702211296564386 0.0030452158210884568 -13.63221838756215 589.0890774636413 54.51279829322335
cameraImage_499.jpg -0.05960530586179109 0.7079277425139034 0.7036797034035915 0.010972415874532267 -164.5767164638656 111.58446291699715 26.38022704879588
cameraImage_423.jpg -0.14509102632618315 0.7012119772048934 -0.6970367728989428 -0.03728396881567144 98.65858157269281 -61.47586073660466 2.9812500005681226
cameraImage_143.jpg -0.16243306843853245 0.700393946431483 -0.6933665579588254 -0.04802743366147113 -24.93838787635503 -616.9263339261628 -187.20210311567
cameraImage_592.jpg -0.1497319152577693 0.9866985169357642 -0.01536891711196153 -0.061401845386028074 686.3211084667471 314.4177131657483 27.018351420833326
cameraImage_273.jpg -0.0733433272645588 0.7082115921023766 0.7020519231320052 0.013423650182916984 -26.946690164258676 64.33486239403715 12.856719309114435
cameraImage_232.jpg -0.04212683022436345 0.9854803231441948 -0.16420277170091085 0.00955576457433276 -179.3548907035013 20.137367859037663 -0.675200950561043
cameraImage_620.jpg -0.14905207517545496 0.9873761631210635 -0.0195429293324201 -0.049898550072379644 713.314535200947 574.8703364970052 123.98811842187018
cameraImage_407.jpg 0.13379264551315534 -0.6882074928294931 0.706993372002228 0.09289965965951757 85.38990937302792 -195.94018920044596 -57.02285180147311
cameraImage_454.jpg -0.21629345350596935 0.97536408114547 -0.022593385736617136 -0.03703498484770775 -172.18219888061577 93.72114725086935 62.034231937265595
cameraImage_259.jpg -0.08399138359630827 0.7142845179136774 0.6946372694113617 0.01490432471233063 -31.52788546686291 -72.96304022475809 -4.048407429531266
cameraImage_251.jpg -0.08299162380871401 0.7171827687955918 0.6919144574868267 -0.003956013269948502 -34.47156655221564 -150.15899131437135 -8.794088329754583
cameraImage_489.jpg -0.0617662973748827 0.718746002681867 0.6915250561635556 0.03717801548531868 -166.78412837624185 17.080283814368048 12.175194634170989
cameraImage_591.jpg -0.16686344790237606 0.9841786765572216 -0.01493039879539899 -0.057671531590710326 686.1299950770824 302.01677020627807 39.71768780488641
cameraImage_646.jpg -0.14740068067677262 0.9874351814826852 -0.015870498159308084 -0.05470766851600161 729.6511538171554 830.8451637166839 192.8512180343229
cameraImage_683.jpg 0.0576181684622046 -0.005719442669097758 0.9975232351653123 0.03993532200878433 -620.8543422024836 -842.2334849574694 -126.61822381893906
cameraImage_441.jpg -0.10152967248321036 0.7062720867189872 -0.6988514052738942 -0.0497813064690196 97.52344834982618 116.37242823639518 37.90580907458169
cameraImage_625.jpg -0.13218639174352106 0.9894522852993882 -0.015353814862230404 -0.05722930475571784 711.6475869970083 635.6095367223127 107.94729646699703
cameraImage_165.jpg -0.13741114957320913 0.7091951395703537 -0.6897460760891564 -0.049099699615861074 -24.788306372454272 -412.18037134843985 -110.71865462688322
cameraImage_532.jpg -0.052586279507226386 0.717623038980943 0.6944076671047522 0.007060382247447888 -147.3093357561656 441.93954978311007 53.56231344375664
cameraImage_533.jpg -0.04479972416222779 0.7151767282489405 0.6974885036167425 0.00500194048409894 -150.59536124610497 451.1331853530565 47.25951260675221
cameraImage_462.jpg 0.07852995556739746 0.9966024823793578 -0.013958549137862146 -0.0205352647864699 -175.88096682143177 167.16782284110178 -11.637441654440218
cameraImage_460.jpg 0.01654660298320862 0.9984160641220673 -0.04068701536449987 -0.03515877718928243 -167.0146423587295 162.7557985430661 13.276114101049348
cameraImage_739.jpg 0.05134441825234184 -0.005471522305789126 0.9976935420507631 0.044061426533726425 -625.5545479360649 -280.92439248589557 -78.79042385140521
cameraImage_720.jpg 0.05274365264884958 -0.004129868646633633 0.9972670631723296 0.05156991372744377 -626.0628909121882 -468.6259268679135 -103.98909622741489
cameraImage_161.jpg -0.1376280388180575 0.7081888306605949 -0.6907891684662523 -0.048346952213966725 -24.910748587582578 -450.64723627422944 -120.15048489549625
cameraImage_346.jpg -0.09993615831313084 0.9945352623477123 0.0163088392624847 -0.02542435781864388 693.3745462347588 62.90096046275404 -14.279718261530135
cameraImage_534.jpg -0.046770138145676425 0.7094450051313054 0.7031958613695894 -0.003989915382296514 -156.9518075302585 458.7894932957521 46.44650864294173
cameraImage_353.jpg -0.017755700869298202 0.9980484048835155 -0.05105387725224092 -0.031266886855334367 702.560333952302 18.884170112569613 -30.765822770874845
cameraImage_472.jpg -0.05340222082118527 0.7163220968400401 0.6956238703584123 -0.01175956536766089 -173.12547278587508 -151.54256707174474 11.952804126117726
cameraImage_329.jpg -0.05007882740006437 0.7063655080409963 0.7060350580953485 -0.007374065128464056 -19.38922579181588 620.0823707712599 49.34215260675535
cameraImage_391.jpg 0.10437280940164954 -0.6987786224132718 0.7047681356689541 0.06416095745485113 89.36809063205136 -364.89382171303606 -76.7892066823977
cameraImage_154.jpg -0.1465559365244068 0.7072231501604426 -0.6904017328458917 -0.041257976561913816 -21.705371693007674 -518.7609777817208 -139.31163776830942
cameraImage_422.jpg 0.1701717159597659 -0.6926293487370172 0.699762396476707 0.04048161104279202 97.59121745058843 -70.72765649959057 0.5317457079752114
cameraImage_565.jpg -0.06815842644732739 0.991566161179345 -0.10937272244830558 -0.013732606909396863 717.9867125106358 6.710246958802069 3.2524402311105507
cameraImage_584.jpg -0.16409106812902494 0.9844243398337967 -0.00956064422718102 -0.062381364084401654 678.2093231941622 244.94604039361474 10.666563569047913
cameraImage_211.jpg -0.11545467728923248 0.7106966537407047 -0.6931474796132827 -0.03357164517204461 -40.45185828200957 25.22550240296232 3.061442212628633
cameraImage_271.jpg -0.07843682454776647 0.7090093357899048 0.7008087140192212 0.0045357107874787915 -26.973510290084597 44.14300204027839 11.02260001561531
cameraImage_641.jpg -0.15767598672669758 0.9857944348507678 -0.011167915563597891 -0.05677053011010567 719.1219693950768 785.2516432925238 192.7592744471956
cameraImage_194.jpg -0.13572567403664668 0.7068457413618091 -0.6910223918368872 -0.06660100078827454 -34.44808278365094 -135.98474935890823 -42.22598885943439
cameraImage_686.jpg 0.05554505940376756 -0.005886257760930256 0.997347366973514 0.04667256085113386 -620.57301658335 -811.3834084350447 -132.8543137455314
cameraImage_453.jpg -0.04927886759382859 0.9872687057486765 -0.1508908638209607 -0.010200150654144428 -140.22435220418177 148.09362102592533 21.122356495623837
cameraImage_335.jpg 0.05397748563532474 0.6911268581076045 0.7116773928910778 -0.11377778998801807 -47.123292183245916 659.989183880902 -145.79562356652673
cameraImage_508.jpg -0.06322316714483646 0.7063618299390554 0.7049796379012749 0.007714044718134757 -164.61055760903588 198.85194485133184 36.271773026243395
cameraImage_658.jpg -0.2221290961194666 0.8532997469723935 -0.4668399650067868 -0.0678133729175933 1147.6876034031745 -89.33719737940349 88.94831132506488
cameraImage_208.jpg -0.11650958280976044 0.7047646002513196 -0.6978278789292421 -0.05261774163918911 -39.12046716711692 -3.1372950422370374 -2.1338305134042623
cameraImage_152.jpg -0.14874505832462354 0.7048612573364623 -0.6919289900194031 -0.04774712871780748 -24.37348322515172 -536.0809255611938 -150.87384107815978
cameraImage_175.jpg -0.1422574882582215 0.7021906193724505 -0.6963380992278156 -0.04247814336325396 -33.51592611387201 -316.2761192186755 -87.43379084662021
cameraImage_714.jpg 0.05599791083627004 0.0032093485680896225 0.997800511507003 0.03532808090039098 -632.3188810677236 -522.1421708515348 -96.75066871188811
cameraImage_570.jpg -0.16028749933091876 0.9359953942962271 -0.3109542162767271 -0.039089829805440277 660.3642395474113 -252.8483785870597 -56.46510984115477
cameraImage_189.jpg -0.13507334938082366 0.7041739918438371 -0.6952855785691093 -0.04972065699063631 -34.86367249867723 -184.09560417127435 -52.47652392575505
cameraImage_347.jpg -0.14689320678658033 0.9884297208768975 0.00922360253498356 -0.03666057614727128 693.8865500388682 64.4492828363185 -23.38552860238432
cameraImage_434.jpg -0.11265906565518748 0.7086824782192552 -0.6953376264900274 -0.03978272461673986 97.35111614511749 49.21926083836399 25.39118282118252
cameraImage_228.jpg -0.030769781572987643 -0.6987121718555811 0.7112972116519448 -0.07007708711823478 -35.080367957014616 171.8526830988966 -22.540787443924867
cameraImage_507.jpg -0.06514244360657322 0.710040532466915 0.701123644654252 0.004953705865552968 -161.95313981511447 190.59534386519428 36.32914782749949
cameraImage_242.jpg 0.01368055930869894 0.9987867923508776 -0.046834757969438 -0.006655161034082749 -169.52230476164675 41.754143430196486 6.222648431540602
cameraImage_719.jpg 0.05790679152581834 -0.0019738193989368618 0.9973431309281896 0.044154124637704274 -627.199887474601 -477.6489278077084 -104.11794139320689
cameraImage_498.jpg -0.058432285678793945 0.7080601223201404 0.7034825654223213 0.018676491029339354 -165.52859748237927 102.111213439185 24.10402151574633
cameraImage_363.jpg -0.1292839572576222 0.7026917436887428 -0.6981437514075803 -0.04588326620930434 106.41714897107074 -634.4336741776359 -137.96594213356272
cameraImage_342.jpg -0.04271507027958081 0.958511602684484 0.2800196921619294 -0.0319359091270386 573.4604534216592 392.6723776993285 -12.793486262100187
cameraImage_648.jpg -0.08473485412762052 0.9941691221067918 -0.014866926979852362 -0.06501334961034869 723.2960844504175 875.8703829942007 74.89197832131882
cameraImage_747.jpg 0.05381350126016017 0.01319641597440626 0.9885942927144183 -0.14004030169930484 -636.5704155753949 -182.77925496598854 -4.326202567179595
cameraImage_451.jpg -0.0711384862163793 0.7306889870161791 -0.6789458445626816 -0.008090746762728486 85.71449625929155 183.71490249553946 34.1904229848929
cameraImage_170.jpg -0.13504329190192202 0.7127993151119177 -0.6860642177278642 -0.054738787360778744 -23.769109454639253 -364.0553759903831 -100.2154066044805
cameraImage_323.jpg -0.05390266786739575 0.7101735733545065 0.7019445675176389 0.004671427848395529 -14.285870000665886 558.9441879932946 56.569287047596106
cameraImage_173.jpg -0.13733379395966597 0.7045060965955801 -0.6946325033558746 -0.047919455108068096 -31.890740730949094 -334.96889568084634 -91.77907211516522
cameraImage_164.jpg -0.14949836091672694 0.7055248094156298 -0.6905095024741797 -0.05551225427877759 -25.995213357720438 -418.38976798883783 -124.59931817341948
cameraImage_734.jpg 0.06002749572862036 0.006518595917122553 0.9977247962384369 0.029990642453752908 -631.9843175812159 -317.532973096597 -84.33196832868651
cameraImage_320.jpg -0.05819829501982278 0.7129376015832775 0.6988076600192044 0.0008882589442221489 -10.304256007634931 528.5334841386228 54.05503963150779
cameraImage_231.jpg -0.0023737588646903164 0.8203590960574945 -0.5665393510551378 0.07770767330582612 -97.58750294991174 150.43108176254117 -21.791280728409443
cameraImage_157.jpg -0.15098249696028354 0.7067138745762728 -0.6893958648183924 -0.04993121933551335 -21.998468919456588 -486.866995002368 -140.92799931515734
cameraImage_595.jpg -0.16674358595333344 0.9837727682183038 -0.01525433187043886 -0.0644594633448477 689.3916613800484 340.89895355193795 43.69493355197361
cameraImage_297.jpg -0.0428325126654068 0.7055291304432969 0.7072936926090749 0.011386586411785284 -25.99391525462872 300.93342554111075 27.608896720745484
cameraImage_502.jpg -0.06047541591726976 0.7010866098619322 0.7104864997918837 0.00540584456062514 -167.58558984741686 137.98341531993347 29.180573344620203
cameraImage_617.jpg -0.16081214574204464 0.9842826536873894 -0.01009243627733533 -0.07228591952750761 701.8397884529605 560.1355715815704 99.89625195720413
cameraImage_738.jpg 0.05307390182496147 -0.00603366588335665 0.9975538339541425 0.045089956580959434 -625.0650128945975 -291.12058020557924 -82.51482843263156
cameraImage_169.jpg -0.1351320197466521 0.7099683899701119 -0.6893616576150309 -0.049646021922157245 -26.03243920316238 -373.75366818713974 -100.25019271658941
cameraImage_674.jpg 0.05724945696043935 -0.00695687256850736 0.9977368159917375 0.03457379956657932 -618.4501671613342 -932.1109491155889 -122.25006681804048
cameraImage_703.jpg 0.05779332072275273 -0.001756668265446047 0.9973581249155137 0.04397291054107266 -626.7220654499855 -636.9275613623317 -117.44710617269911
cameraImage_612.jpg -0.14254255251525855 0.9888191988043784 -0.018452383895087583 -0.03972055295296703 704.3889364031081 499.3895340910651 107.84464732915228
cameraImage_249.jpg -0.20479475728856802 0.6883049507853164 0.6786175524666047 0.15418696311872204 -33.887813325593676 -151.6703579019287 -78.10339340566125
cameraImage_437.jpg -0.11761595287918404 0.7075708739523994 -0.6955452652491003 -0.041553940271870676 96.83566490368403 77.54164951912148 32.93619772695207
cameraImage_610.jpg -0.1435230801076486 0.9883647157806519 -0.016146270716643974 -0.04770337533330891 701.0911633851827 484.35003012494747 92.79585484393509
cameraImage_144.jpg -0.15025755935448654 0.7022931020164201 -0.6944132069815036 -0.04469186376346077 -26.541069612568787 -611.8858892090741 -170.4345953506809
cameraImage_199.jpg 0.11961366314012785 -0.6944356068353962 0.7076361266643685 0.05198915068362108 -39.87074252221766 -88.0013095423361 -24.390227191802143
cameraImage_426.jpg -0.14339144879537774 0.7038248330967869 -0.6943069822673735 -0.04480302560560143 98.37440485656367 -29.54309168904528 10.209763621702905
cameraImage_197.jpg -0.09529246996159887 0.7172330892017208 -0.6891139249758365 -0.04022485956682755 -34.275450648516234 -110.63959309867053 -22.63500079018999
cameraImage_225.jpg -0.06491363062432319 -0.6844278907647535 0.7213956239905617 -0.08326485807199129 -29.732026441575133 159.25133767711597 -30.230332143737254
cameraImage_681.jpg 0.055091321280907865 0.006775766025272667 0.9977393500337259 0.037884359682757995 -642.8558416779816 -846.4410664426823 -121.75596008744576
cameraImage_147.jpg -0.15423404218614667 0.7087434777431724 -0.6865080398279437 -0.051002492478598595 -14.446470332893748 -581.747638887612 -170.523658089783
cameraImage_389.jpg -0.1283625240638854 0.6722717390648109 0.6760861399545649 0.27291262820188184 -127.80333028473359 369.49695056761647 213.34461745983245
cameraImage_433.jpg -0.12237705153082494 0.7059049253378947 -0.6961878822643277 -0.04521643761546249 97.33779068624337 38.38390543196789 24.633704416133927
cameraImage_497.jpg -0.05220697344734931 0.7054266126539329 0.7066620940526913 0.01662561012811633 -166.0922876778982 90.60916306466774 21.246701655972213
cameraImage_496.jpg -0.06600688800537159 0.7036516825735327 0.7074275117566636 0.007982227575015058 -166.159355654147 79.94387253742887 26.02942161420765
cameraImage_611.jpg -0.15354054890094448 0.9870954935225809 -0.011320371672835875 -0.044041295346503626 697.3001434870105 497.3170525723707 111.94917927224934
cameraImage_473.jpg -0.05428136368954951 0.7153627789267074 0.6966228766817361 0.005118179942602538 -172.59096277366288 -142.05659525752728 5.1330724843026285
cameraImage_655.jpg -0.09072279627057743 0.8495287508393963 -0.5194007405742012 -0.01712151935647204 1138.2440600424538 -197.39000542514796 56.439669304753416
cameraImage_187.jpg -0.13271371126546064 0.7068147385057673 -0.6925436170724396 -0.056421048602387225 -32.44421680612447 -202.89940298089408 -58.15158849363546
cameraImage_387.jpg 0.5084879602406643 -0.49590834182750154 -0.6791735242744784 0.1850357660582714 -139.27214122563572 308.5395286098713 348.57030139659787
cameraImage_697.jpg 0.055937730894458006 -0.002633977966624825 0.9976166094197458 0.04031293877034293 -626.4238374761453 -698.9418872340505 -114.88024196596552
cameraImage_406.jpg 0.12423502930023773 -0.6954395682478294 0.7025567553024266 0.08569404873716648 86.33112960069293 -209.54957414878982 -53.4956270335926
cameraImage_744.jpg 0.056099330501625216 -7.628539873849613e-05 0.9975326129869315 0.04220835610718924 -628.1688691631603 -223.9981278438708 -79.92997655210343
cameraImage_149.jpg -0.14025338727876163 0.70613641818819 -0.6919082916684901 -0.05443585386102543 -24.363592850041503 -565.0731785064987 -156.31633681319687
cameraImage_236.jpg 0.629960178356454 -0.4666267197026817 0.3992721323051672 0.47538557246629154 -78.73858696113282 24.89990491884564 333.78981213281736
cameraImage_327.jpg -0.053152467787954225 0.7065946423536309 0.7056075994908948 -0.004091711853503909 -18.88483155464977 599.2875615748696 53.16467547464567
cameraImage_525.jpg -0.06785250406724487 0.7061723353286223 0.7047197798007536 -0.009311415891321303 -160.77371352833953 366.6650641568182 53.1910156107511
cameraImage_333.jpg -0.0315521250892053 0.7078442822647681 0.7055728429715129 -0.011309232004334828 -18.41469422555151 661.3164711122658 31.149583120748517
cameraImage_238.jpg 0.20374221840024426 -0.6510208671066444 0.7164455137226656 0.14617374901029676 -3.54185801373296 155.6366006361716 104.700993928299
cameraImage_258.jpg -0.08623499670775252 0.7010837699650653 0.7077981651733811 0.008174974714349345 -28.694451988629428 -83.77072794107782 -4.594862362733855
cameraImage_379.jpg -0.2548250099997367 0.8999566849207553 0.3361884001663181 -0.11008877844126555 382.37744773806514 400.7877604866111 98.76572602514771
cameraImage_718.jpg 0.0583272727958185 -0.003241807934959532 0.996831796536278 0.053979527079917655 -625.4703150833938 -487.4834839388308 -115.254352775285
cameraImage_694.jpg 0.050021267344070114 -0.007683869955919366 0.9978054535660467 0.04269786633603695 -619.8136967302004 -734.980760496442 -113.31019315684556
cameraImage_687.jpg 0.0639929987049355 -0.0002831496729813628 0.9970941772057801 0.04132817108631743 -628.6518908528585 -795.1162214087758 -134.3029633174509
cameraImage_401.jpg 0.8568881235899951 -0.25588032782031517 -0.4387491401670086 -0.08813168265552956 255.53176514885584 -20.221101581941976 714.3698685645937
cameraImage_188.jpg -0.13213885211994533 0.7066295803364572 -0.693936307989318 -0.040821077987980306 -32.986865265487936 -194.293068945973 -51.87383136987969
cameraImage_466.jpg 0.00274131507339358 0.9987978695164695 0.04885774563181452 -0.002867356414276237 -196.0759078896591 150.8919375383997 6.022832091414812
cameraImage_469.jpg -0.20707635091887602 0.6925004753930789 0.6734697698949655 0.15492238543252748 -176.1647015287041 -157.85153308036445 -71.22162921281905
cameraImage_374.jpg -0.12489276934479925 0.7013189363261378 -0.69991290249128 -0.05172499049776663 102.88493423928531 -530.4270457254844 -115.64414337971871
cameraImage_527.jpg -0.07640777359936055 0.7065457119238987 0.7034921606679272 -0.0073340966936107305 -159.70596004163752 386.51952302131673 62.10577695121069
cameraImage_493.jpg -0.065218444946875 0.7057497012539041 0.7054405175408438 0.0041940231810989855 -168.23294064946003 50.371933542927636 22.83368673154449
cameraImage_280.jpg -0.07851456506882981 0.7072923295780827 0.7024682146323381 0.010556089395069366 -25.462811261208998 132.2987851869683 21.440965371270657
cameraImage_244.jpg -0.010440030792924323 0.9992531247945394 -0.03317742491591096 -0.01683617597140761 -175.1547437619893 26.847103214956952 9.91934928366095
cameraImage_256.jpg -0.09160859737166657 0.7045539333007446 0.7036866277123784 0.006062172615982564 -29.731567567202227 -102.61843419535913 -7.111929265360707
cameraImage_602.jpg -0.15210919663659828 0.9866276092160203 -0.014068901640802886 -0.05684029413955497 693.4266151094188 410.73340881426816 65.1972749165831
cameraImage_448.jpg 0.03239476763020611 -0.7046158884341935 0.707646643353393 -0.04127053364027511 100.54399109754118 172.65327271417198 14.107317360902364
cameraImage_693.jpg 0.052370779437720436 -0.004256044744696266 0.9977423349300482 0.04182607598798495 -624.4501368167022 -740.8872223320969 -115.80574565622963
cameraImage_536.jpg -0.023570215342939942 0.6789516796261102 0.7337130752035509 -0.011583823070148418 -199.02481292194085 465.5297508242324 24.699054193450902
cameraImage_420.jpg 0.11030399190932584 -0.6953445580376971 0.7090710935507888 0.03933394547861511 97.02436731361688 -93.83279157229707 -5.091215062184084
cameraImage_159.jpg -0.1377074823399086 0.7095454672077692 -0.68876071601328 -0.05648500110105144 -22.113741934967766 -469.1490969535498 -129.93987276854688
cameraImage_362.jpg -0.1269904921747526 0.7044743045389257 -0.6969081834815969 -0.043684699129000554 109.04237589221597 -644.4425699224056 -136.08061875991038
cameraImage_413.jpg -0.08120661844247898 0.7100175836456858 -0.6946240756479729 -0.08232806061895441 87.29193574386915 -151.31773705406843 -27.09602067113557
cameraImage_479.jpg -0.05005661991253846 0.7076642674269332 0.7047661075908382 0.003217608007895358 -168.3461638607699 -86.4840662733014 9.352509963919088
cameraImage_425.jpg -0.13668834160866722 0.7020175933282891 -0.6973120044610746 -0.04736627872555855 99.34247656582419 -39.95382935949387 6.129561666181747
cameraImage_364.jpg -0.12942065649321075 0.7101283248735655 -0.6908384730582169 -0.041355290202366966 120.03714285600515 -623.6458985007871 -129.97939316724015
cameraImage_370.jpg -0.12242458268726672 0.7082714283160503 -0.6937306533918325 -0.045843057593613526 113.54216820183036 -567.6935837298741 -117.32146787921204
cameraImage_731.jpg 0.0633309778389011 -0.0006680006723083659 0.9972046614262302 0.039643464163297296 -626.4821060723424 -355.3312587822995 -97.20416969719189
cameraImage_665.jpg -0.050463143233314973 0.8699289724062157 -0.49047594685606843 -0.010507126101982242 1149.8171183330317 -55.39618805290893 45.684191461122694
cameraImage_632.jpg -0.14878590735875957 0.9875996052963274 -0.009608637658387792 -0.04916754490839849 709.2964812151986 703.5947088292279 162.65880944271552
cameraImage_253.jpg -0.06861730363777319 0.7150009542334893 0.6957177783883342 0.0064864413265937225 -32.9970560664777 -131.0049135334971 -7.166648231048558
cameraImage_349.jpg -0.13420726765988278 0.9895607867742019 -0.0030565244954619303 -0.052426293442322414 694.6388015027765 69.66400632353674 -43.4611636529646
cameraImage_470.jpg -0.19188337145464315 0.6948125807691654 0.6765421510189741 0.15068831161941812 -175.31768006237786 -155.16774543001574 -66.50240336669097
cameraImage_209.jpg -0.11478777154224391 0.7058807389152603 -0.6974812259239361 -0.04556412422569758 -39.4752808345521 6.288189305016674 -0.19353720199256036
cameraImage_604.jpg -0.15148180958496862 0.9865004995677666 -0.015570086200424953 -0.06022954535044319 696.2907738016282 428.156860944991 65.58503098132786
cameraImage_455.jpg -0.26533160909646414 0.9630799437863413 -0.013763603428759366 -0.04343641688070237 -174.23651927923976 85.6416248251958 74.1927480595652
cameraImage_724.jpg 0.06042403754353594 0.00042116393752632427 0.997073821770086 0.046824696994956595 -628.446069970653 -423.6146876104006 -105.20952484263502
cameraImage_709.jpg 0.05449593563407805 -0.004053690883330864 0.9975072032966701 0.04464459609901116 -624.4001633550425 -580.2144298596303 -108.88921373238216
cameraImage_168.jpg -0.1396883399331215 0.7060807917881077 -0.6919171657889516 -0.0564598870100952 -28.621748533061098 -381.70077772388134 -108.7851839012363
cameraImage_396.jpg 0.15574969995562735 0.6922414077204515 0.6661089150288785 -0.22987557008083823 -51.407387058378816 286.7668095339899 -158.95942396645998
cameraImage_512.jpg -0.0648446658450404 0.7065433653753268 0.7046883098867254 -0.002455211710217625 -163.61125767940393 239.02816132914342 40.26432289758501
cameraImage_519.jpg -0.05281941592578737 0.7121802913186458 0.6999887836774705 0.005004466433334515 -158.17857480902651 311.5603479928644 40.267184157076564
cameraImage_691.jpg 0.05819136280116597 -0.0034303020533060216 0.9972406909012834 0.04596740947559421 -624.057145901708 -758.6870936767857 -131.0077254057043
cameraImage_707.jpg 0.052064672434763364 -0.003046563241184377 0.9977595738543387 0.04190251924032181 -626.0621810348729 -599.2951905665258 -104.18566262612644
cameraImage_733.jpg 0.06042844952224513 -0.0004181177198836493 0.9972640745721131 0.04257456087544055 -626.8766463969723 -334.67402958659875 -93.8978247801311
cameraImage_291.jpg -0.05240232517456297 0.708471701012853 0.7037385395006843 0.00859727873798212 -24.467627147817172 241.9844370649176 25.049349097453764
cameraImage_476.jpg -0.023083853111606642 0.7100973998229223 0.7036281683060672 0.011671300548595484 -167.6854605714167 -115.70371178377371 2.68017577047918
cameraImage_359.jpg -0.23510765977801387 0.6843235964795014 -0.6709774442426243 -0.1619100766867297 123.9787902419457 -587.1625636737705 -351.3421268315799
cameraImage_397.jpg -0.01168039414609253 0.7036613050196999 0.7023482519296804 0.10691711379329182 -26.16054641368036 429.6251930030444 78.0083725893988
cameraImage_514.jpg -0.05980359769034787 0.7051349546362695 0.7065412832935588 0.0027641373497358217 -164.41741604066274 258.05078717097314 39.73328804649613
cameraImage_371.jpg -0.1286862224824189 0.7023548397848937 -0.6983190669640917 -0.04988001491922946 105.53955347197287 -557.5579524087849 -123.72268084852493
cameraImage_506.jpg -0.06478826958059081 0.7041042907808206 0.7071212891667427 0.00437152558662478 -165.46526031805527 178.3706117180777 34.918614167377434
cameraImage_306.jpg -0.06739821843250159 0.7005996039015381 0.7102760938895748 -0.011204713923216337 -28.156058644517298 388.7046495967774 39.06883129968392
cameraImage_541.jpg -0.04825018636580545 0.7114701488881534 0.7006936929546662 0.02259414548697154 -153.35862591571217 526.88325712244 67.12586596916766
cameraImage_245.jpg -0.005386484659935876 0.9981083174851135 0.05904445938801453 -0.01626419889268191 -182.14165171035597 8.541985763795743 11.22351374408404
cameraImage_672.jpg 0.07015269633715393 -0.06836078549189704 0.9811615954348217 0.16651524208718665 -477.97719845767347 -961.0114559654537 -389.3866468274882
cameraImage_524.jpg -0.06187236624699818 0.7007302244150211 0.7106986930820424 -0.007505367262768756 -165.8347923836508 355.3093543940054 48.90130446978036
cameraImage_637.jpg -0.1509870206238284 0.9868149787115862 -0.011977464385732408 -0.05705837134443377 717.0590203802458 748.8835593201853 169.42979770688714
cameraImage_294.jpg -0.05609066426611153 0.7075033978518301 0.7044625894387972 0.005023892065472286 -24.2451752928647 271.9073533365971 28.119865167725795
cameraImage_180.jpg -0.14373005133762434 0.7040180579440255 -0.6926393799767534 -0.06285646932993881 -31.856268607062333 -266.62979934456035 -82.98537207265824
cameraImage_576.jpg 0.09285565252658738 0.9938333285122433 -0.05977895561122518 0.009980951766703938 689.1527703305384 123.7828958017438 -5.79891833127975
cameraImage_427.jpg -0.14119675231919285 0.7035769134725406 -0.6948461460037222 -0.0472423257972998 98.04167077423398 -19.947970720870256 12.120468498409327
cameraImage_661.jpg -0.0221757118880633 0.8614778552844602 -0.5070344295348174 0.016740069385949904 1145.8519714888182 -111.01994157818126 72.24819028205346
cameraImage_276.jpg -0.07630673145799535 0.7065813969603324 0.7034906645169244 0.004571339116624707 -26.25100745149303 93.73068331809883 15.748466073833619
cameraImage_200.jpg 0.12277788283721162 -0.6968154798286917 0.7051483915590543 0.046254993663394896 -39.04004766318141 -78.85512485047204 -22.214133641844448
cameraImage_651.jpg 0.021349316990684833 0.996949424534247 -0.03792091765238633 -0.0647924037929308 753.240310426021 865.5783512901186 -116.08354637395995
cameraImage_564.jpg -0.049670294603545606 0.9431895505497682 0.32116336489212494 -0.06914062929197455 451.67472322610115 556.0452261922326 -35.00779416450482
cameraImage_229.jpg -0.008857740791116658 -0.6985370668740329 0.7145470444983002 -0.037283076990025435 -34.484411067316096 174.9937700657723 -8.810406580921462
cameraImage_293.jpg -0.05813361301688918 0.7089488647379072 0.7027584307180608 0.011940614687875818 -23.241560849446497 261.81616340537045 30.2608480786125
cameraImage_257.jpg -0.08612056526133591 0.6949348812158754 0.7138965075545404 0.0007318537938309183 -26.981482272343356 -93.86000497803559 -4.658918515145999
cameraImage_336.jpg -0.038305550777441015 0.6963598873566086 0.7166559104495803 0.004460726175423128 -39.55509034562245 678.5121453191036 53.39596959836768
cameraImage_404.jpg 0.17729350738068156 -0.6887109158106889 0.7021007946526293 -0.03603832448942363 120.93914438585364 -242.82838253455694 -27.614016452891505
cameraImage_544.jpg -0.06258838933616725 0.7072845096564662 0.7041257660921627 -0.0061823495080499166 -157.0839117072858 556.2835735604477 68.71542356288438
cameraImage_701.jpg 0.05616580273764275 -0.0011801454355517666 0.9975599073031217 0.041451673078114086 -628.230898701132 -657.113842941195 -113.71573344917073
cameraImage_566.jpg -0.1580753287798672 0.925690284073646 -0.3396734164478442 -0.0522652710835607 638.9548483457161 -313.4393653473597 -89.58563267751242
cameraImage_313.jpg -0.06383264784102077 0.7058052576624244 0.7055230129153743 0.0012686892828895826 -21.309005508576913 457.4549826037938 50.95688278511346
cameraImage_668.jpg 0.08454696606289572 -0.5304457702099981 0.8434692689762102 0.0062199428147741405 586.631021147014 -990.9831582128268 -5.116062232006201
cameraImage_713.jpg 0.056950277890786834 0.0018957307559165203 0.9972650355257014 0.04706932091059391 -630.3057490822707 -532.0623191602207 -111.13267872200855
cameraImage_615.jpg -0.159420179097599 0.9861552935825725 -0.01482716174766055 -0.04316362716533995 703.9046909151001 528.3419149232179 130.5923597784914
cameraImage_315.jpg -0.05748656879566525 0.7082713034389536 0.7035910786963124 0.002578587199608065 -18.624645922641147 477.8008005858188 49.47205422928476
cameraImage_542.jpg -0.048247174087672456 0.7060183599260959 0.7063798697169318 -0.015419640025273225 -160.93491087753603 537.2093886046408 48.083228128483434
cameraImage_639.jpg -0.14970860475493977 0.9866273372794944 -0.013318711000152895 -0.06305904322457714 721.0407507237244 767.8905499798884 164.75785786991753
cameraImage_263.jpg -0.08127870439721453 0.7078717708089439 0.7015864127151852 0.009371968670360808 -28.662252064251348 -34.77786282386674 1.6877203961046587
cameraImage_705.jpg 0.05663015600485264 -0.004083309694456236 0.9972539603221094 0.047548823693904396 -623.9613575259469 -619.5496195531589 -118.72915058896541
cameraImage_265.jpg -0.07454674109580162 0.7097259451196897 0.7003455758215443 0.015746131053321753 -28.16090478040583 -15.202625155235694 3.3628169172789346
cameraImage_605.jpg -0.15103244770882931 0.9866084400780892 -0.01958418946494801 -0.05839045494564574 700.5258624349332 431.8749749769031 69.64971772270805
cameraImage_488.jpg -0.06542702296205948 0.7051172388000067 0.7060027355219861 0.009440426306581307 -167.25514537244732 1.0662064954097652 17.624550701707367
cameraImage_650.jpg 0.05830707145562027 0.9957022182240417 -0.027622631431769257 -0.06644071247943824 729.9553138099243 870.1393226942284 -183.36622426713498
cameraImage_372.jpg -0.12110604439153196 0.7016163361596515 -0.7007829179165972 -0.04439757653343163 102.01049302278751 -551.0312906418736 -111.63119934222125
cameraImage_340.jpg -0.0029848251567748995 0.7144697809453076 0.6989188001980459 -0.03219524288575358 -6.471924748952743 693.8736314467467 -16.905546784270683
cameraImage_268.jpg -0.08050719016091597 0.7067005103161292 0.7028576985866176 0.009167147257468705 -27.906271166466084 14.252232444092293 7.523274476864006
cameraImage_262.jpg -0.08188647872302483 0.7104521846232137 0.6988356710446548 0.013453729669278987 -29.4065465495102 -43.96789901196244 0.10267005643019628
cameraImage_356.jpg -0.06577463499214294 0.911096766221142 -0.4059039575211775 -0.02860694394154696 535.2686701797138 -452.0217127431306 -53.52996596069014
cameraImage_181.jpg -0.1437666279029853 0.7047623636088957 -0.6925009690292712 -0.05552995079529947 -31.589736564018054 -258.03571101306966 -78.05060358598796
cameraImage_600.jpg -0.1438216311416076 0.9880153870053558 -0.015616028739015922 -0.053824465653136644 692.9584537549006 390.5455273835282 56.12509077960747
cameraImage_375.jpg -0.11883698061754523 0.7050986413755312 -0.697740370281827 -0.043267235260224114 106.68890142085773 -522.0562294033638 -102.00684035675543
cameraImage_382.jpg 0.5284663526656828 -0.08819312022720326 0.8376720784477826 -0.10606967820160777 629.690976757683 -58.63700923008777 1003.9935251792838
cameraImage_378.jpg 0.31627897418492834 0.24883931517328553 0.7043241973509579 -0.5847854570169717 3795.5253505346686 -1762.2335685803032 16044.578523335294
cameraImage_552.jpg -0.068901779072416 0.7082369252286146 0.7025887196164148 -0.004700388403169587 -153.9161092711865 637.2560430028119 83.904583794662
cameraImage_260.jpg -0.08940670489756196 0.7117068114857288 0.6967245342264364 0.007401284424510801 -30.715756412214482 -63.633932788933684 -2.081968953732617
cameraImage_642.jpg -0.13809921664275815 0.988668591154488 -0.013032812585410168 -0.0573861396451304 721.2327670670711 801.0851558686065 162.89643638609732
cameraImage_740.jpg 0.05153361295387433 -0.0028260829616882813 0.9978169053225119 0.041203439706164025 -626.9783505634439 -268.0187360747552 -76.78512440804354
cameraImage_684.jpg 0.06105687857797706 -0.014239282049877521 0.9971300484327053 0.04243780081024219 -605.6229133887767 -842.2393070420208 -133.96563561221004
cameraImage_629.jpg -0.1510184993943256 0.9863753259157769 -0.019575257005583654 -0.062240971862566746 722.1014359006185 662.8475276442169 135.88468097531361
cameraImage_319.jpg -0.06261545316755067 0.710389291439364 0.7010169350944148 -0.00127135507784978 -13.878540181805194 518.184054619682 54.94802194098708
cameraImage_573.jpg -0.011981803527832841 0.9469998480908018 -0.32100415178304126 -0.0020146062316516375 655.7959442450513 -249.93251378394436 8.245362459055697
cameraImage_331.jpg -0.033265283491735236 0.7081134802388178 0.7053027113934716 0.004099429143437892 -18.091645400672682 640.6755964965943 45.31418372378882
cameraImage_241.jpg 0.07588703232272184 0.997074053311383 -0.007018801561690314 -0.005935230669272972 -173.49601453015904 24.643766229055093 3.7026476057439925
cameraImage_185.jpg -0.13004290905468527 0.7075273122620411 -0.6926896859211789 -0.051719853308622186 -31.9877419038654 -222.43545077390544 -61.18883976998893
cameraImage_700.jpg 0.05676222973355076 -0.0016381302100177421 0.9975350387613612 0.041221502258640005 -627.3901661428299 -667.52047147854 -115.00570684449593
cameraImage_446.jpg -0.04442882906927332 -0.6823014952027268 0.7253773386369172 -0.07948877520556412 111.09505872631738 157.05198587604661 -16.831737737055597
cameraImage_214.jpg -0.12283887773807291 0.7048731502033101 -0.6979982256900416 -0.029375656112964738 -40.51665433006863 54.492364481103884 9.269674012536342
cameraImage_223.jpg 0.09914884483248192 -0.7015984467993625 0.7054588399131062 0.01602969761293231 -39.12576273914055 143.18529540086394 22.556790921545012
cameraImage_246.jpg -0.03494302869291232 0.8706585544122522 0.48979925594682006 -0.028798528581778907 -117.51718266822124 -136.9594795141907 9.53170455817333
cameraImage_421.jpg 0.15667819388783139 -0.6934485103366322 0.7028241271571767 0.024886810918739743 103.15287167046789 -85.4204907154996 -1.6814679324563693
cameraImage_430.jpg -0.14649831889790496 0.6996850062503797 -0.6984547355251136 -0.033765618771748 97.21383156464113 6.921253061486822 22.114894839083863
cameraImage_328.jpg -0.046139282795037734 0.7061046253387777 0.7066014222444742 0.0013618885525257945 -20.579154405492712 609.5697419844594 52.367807827895156
cameraImage_178.jpg -0.13915230493488318 0.703455398507992 -0.6945733789874198 -0.057922012596845485 -32.88386356396951 -286.8042660655123 -84.5017393432327
cameraImage_310.jpg -0.06140976222119798 0.7068388123671533 0.7046776693238076 0.006092355184509367 -21.38100743250782 428.01114184798007 48.601208595257596
cameraImage_270.jpg -0.07681157023745695 0.6984848797012043 0.7114838152867462 -0.0031042054483498616 -28.136022888897507 33.25539445695726 9.637804230393153
cameraImage_206.jpg -0.12206944595697367 0.7062160349294059 -0.6961580849240406 -0.04149558009280074 -38.4843912418486 -22.80107291985233 -7.623513894025169
cameraImage_285.jpg -0.056704392793103194 0.7045666922872655 0.7073671134248066 0.0014679245226847351 -27.143597272828035 182.74989876970497 19.510729334632092
cameraImage_254.jpg -0.0748535364358258 0.7135286638984706 0.6964275129753462 0.016202254450756796 -32.51263816993519 -121.2285570370133 -9.21202190599175
cameraImage_545.jpg -0.06783302581456993 0.7048937597306819 0.7059390892251874 -0.013170816432458566 -159.46533143113044 565.628862684814 71.37809997520618
cameraImage_710.jpg 0.04600324974464323 -0.011084427045523409 0.9976210103747893 0.05013138885756715 -617.4682819832811 -578.5812968078736 -103.44318887073806
cameraImage_350.jpg 0.043063392407516075 0.9982507735752277 -0.010669391011753793 -0.03907814461122772 697.1646241517614 62.25911265293202 -48.896584444308004
cameraImage_678.jpg 0.054042075233227446 -0.004997976794440762 0.9976341516751958 0.042196845187299874 -622.0471680903429 -889.7742045773364 -129.3646039031269
cameraImage_521.jpg -0.0667531715570649 0.7100051213547682 0.7009907773301502 0.006976520274896503 -158.51461870772735 329.42545766854226 52.023918875144695
cameraImage_307.jpg -0.06018921619456289 0.7096891545857535 0.7019387611664152 0.0007332730741392516 -18.781848189703194 398.92294276444244 41.63763434562875
cameraImage_357.jpg 0.06229371273809151 -0.6979019370246748 0.7130183643138359 -0.025635752412072593 79.46454835673839 -697.2079623204171 -14.672411336235067
cameraImage_355.jpg -0.05909845882528404 0.9964101838821773 -0.04904675591926137 -0.03561647588066543 702.3193548001161 25.01659204790108 -32.021955930783676
cameraImage_252.jpg -0.0757448080013628 0.7057964396600879 0.7043521707165666 -0.0014592569477534295 -29.600385699228845 -141.57267787447125 -7.55350632427153
cameraImage_296.jpg -0.03403738963571248 0.7080082459584229 0.7053108316350928 0.010119809280695793 -24.52328431924202 291.56008406718166 22.26377138203997
cameraImage_618.jpg -0.15599784764544714 0.9853730048791366 -0.013267999092237812 -0.06729541578397533 705.853755725668 565.4899033375834 103.59901856831237
cameraImage_414.jpg -0.09119279917270408 0.707274025391065 -0.6989307635532663 -0.054250475988835464 95.20868418832514 -147.6427345679068 -17.977310492594903
cameraImage_324.jpg -0.0554559693051092 0.7104151512869232 0.7015735258866113 0.005434709324044939 -13.214127383982442 568.6529248636687 59.4132008397337
cameraImage_468.jpg 0.02611965876730808 0.6717294623750576 0.738439362022076 -0.05295848770146176 -150.50578320778072 -195.15779121526927 32.735164952798684
cameraImage_589.jpg -0.17382322708012277 0.9819977189089284 -0.014795708991101723 -0.07243654312957636 683.9907185096121 285.56991141595705 17.306987790951073
cameraImage_292.jpg -0.054539407951755346 0.7093121445460377 0.7027653878387714 0.004748077041658201 -23.31734832811432 251.86852276540193 25.544179522476718
cameraImage_465.jpg -0.049800973280757194 0.9980052704530411 -0.03768501573242344 -0.009229452718770062 -166.1294558679671 178.52421477995588 26.06099432713681
cameraImage_558.jpg -0.05139618756240309 0.727582630644926 0.6832930889273188 -0.033053019711119264 -116.78373096545727 695.4939844696855 45.45313261443145
cameraImage_321.jpg -0.05597743261028103 0.7093404741736347 0.7026382278962053 -0.001462681224604957 -15.36531728381778 538.8324967879101 51.76975967679456
cameraImage_603.jpg -0.15061584522666902 0.98638437579036 -0.015091467135629076 -0.06428824140550071 694.9189112913543 420.62299752197777 56.47906423978854
cameraImage_563.jpg 0.02898815561601504 0.7283155455795802 0.6774737578865084 -0.09871909782930689 -117.37360822426314 700.1752705186382 -101.90030019080051
cameraImage_237.jpg -0.3626960689306871 0.7255832224055389 -0.41058891526204616 -0.4164100042143037 -118.18251830332127 86.52289326967806 247.59663706346734
cameraImage_155.jpg -0.14908062952823925 0.7074703593050949 -0.6894134972339052 -0.0443811495558657 -21.067464619537617 -507.86180915909176 -140.84452595473653
cameraImage_219.jpg -0.10943931882395615 0.7109966343883153 -0.6935532157428902 -0.03861033950293693 -42.474482106566526 102.3188058232641 21.163230280337608
cameraImage_250.jpg -0.04530777716405999 0.7140568145511064 0.6984294198550292 -0.016322267077407228 -32.4290996768114 -160.73571042943314 0.1484650813176102
cameraImage_432.jpg -0.12492856194505624 0.7041684863098755 -0.6977978936091213 -0.040220603837751834 97.56493390693198 28.149186724571955 23.027860464140016
cameraImage_671.jpg 0.05631155480397793 -0.01605941793412598 0.97332986087778 0.22181092356964138 -581.5716032122211 -870.2000614580162 -472.02758010254087
cameraImage_627.jpg -0.13810658294314412 0.9893616213771802 -0.0253119860727612 -0.03807173826787497 725.1795327507994 635.433556787591 145.21171462836566
cameraImage_640.jpg -0.144076910879921 0.9878219918335269 -0.014264930711909943 -0.05697427448530482 722.3283695435501 777.4676162524989 166.99870246837457
cameraImage_403.jpg 0.4517255707569241 -0.5688256025017664 0.6240618365634011 0.2879726841350562 121.32996732579538 -25.140892825258753 -168.16461061006387
cameraImage_248.jpg -0.2233761263669132 0.6894945156943176 0.6774496072957955 0.12554859048011655 -36.81986234394447 -158.3312443289279 -76.40569200024333
cameraImage_517.jpg -0.06572775317465172 0.7073867054598031 0.703764094338791 0.00010450282493402742 -161.473621039615 289.3852434539219 45.87336907214016
cameraImage_145.jpg -0.16246005960661858 0.7030127865448756 -0.6908650973665019 -0.045663642296651645 -20.8614963642203 -599.1356713099977 -179.5587491086853
cameraImage_478.jpg -0.039931383576971256 0.7100716275929151 0.7029830118812467 0.0043189465785505275 -168.87617428529285 -94.7406965164221 7.534611200808616
cameraImage_365.jpg -0.13495345099048758 0.7060787789531627 -0.6939353978221678 -0.04115808094601287 114.26832226452257 -614.2873896357818 -132.22613100356048
cameraImage_628.jpg -0.14353837576878814 0.9876884971894743 -0.017892292101532113 -0.05956536816481543 718.1953586593831 657.8142132614671 127.1603301546042
cameraImage_224.jpg -0.04815248419534341 -0.692485484507404 0.715427354576327 -0.0794285360325931 -33.008052299934825 152.85300456739247 -25.28643503734844
cameraImage_538.jpg -0.03447969463825432 0.7111225524376048 0.7022196067371405 -0.001868150479547247 -155.9660793876348 499.0992817554036 39.12029228695283
cameraImage_381.jpg 0.048478698147471015 -0.5252940287937347 0.006004537632233614 0.8495174775526381 -59.420456346657076 139.39707664856644 154.5640332486433
cameraImage_675.jpg 0.05684238039631845 -0.007440133382552985 0.9976230783033222 0.03823325571717171 -617.2842870830794 -922.5001072935595 -127.7178306234387
cameraImage_202.jpg -0.12179314337211875 0.7080763737278063 -0.6942902193590039 -0.04189714188872915 -36.69126493025145 -61.02937652640273 -17.072244844612328
cameraImage_299.jpg -0.04543093457008059 0.7047570986091347 0.7079509136732398 -0.0076789304821220875 -26.34765981629855 320.8346968413507 22.693142407933532
cameraImage_539.jpg -0.03187960406672433 0.7111968737507383 0.7021644914526886 -0.012154199056841957 -155.20452129687789 510.6663455589341 32.18690964949254
cameraImage_511.jpg -0.05548427453361069 0.7081767782910249 0.7038183074594825 0.006850989249216019 -163.63962530248148 229.4261522393006 34.80290981205034
cameraImage_239.jpg -0.042024800030454786 0.9962655728573796 -0.037728530950250645 -0.06530989568123036 -181.14249102733507 23.614913893996523 31.54329526890812
cameraImage_317.jpg -0.061491149193457544 0.711863145430078 0.699620725122587 -0.000736021879771962 -12.796937860902801 498.1503834160842 52.1580514913697
cameraImage_682.jpg 0.05769512480452151 -0.0024243024714270607 0.9975671146376875 0.03905441235964034 -626.3386375458347 -847.91618420111 -125.9970603828711
cameraImage_622.jpg -0.17305723815404372 0.9839636044091449 -0.02177392026364992 -0.03731908247815913 717.5743971782474 579.1857608936274 175.5456213454569
cameraImage_529.jpg -0.07384421637778157 0.706011959896795 0.704339092540989 0.0007660997160109681 -159.6123503306283 405.28714284043895 65.79985422063974
cameraImage_394.jpg 0.023995652587351937 0.7117779810964678 0.7019721881683616 0.005600117968856744 -25.033365979890497 381.9616385452965 -0.2922405175620285
cameraImage_383.jpg 0.5622415480757992 -0.6801513477940055 0.40085887724699415 0.24615187637636607 386.60783727623135 11.874424304286348 -263.8196792349809
cameraImage_560.jpg 0.0500987457574083 0.6889659583030411 0.7100645182204289 -0.13647125681804836 -192.68866227333012 671.2329227247889 -149.09652743040772
cameraImage_334.jpg 0.10540344696184807 0.6903911051990073 0.706973454800617 -0.11152923131598455 -38.44392570921321 642.2475877384786 -192.27288222375188
cameraImage_742.jpg 0.05305601624897662 0.0003432569417707441 0.9976829040214146 0.042588312221267764 -629.620511218723 -243.85725334694615 -78.00103713587882
cameraImage_572.jpg 0.02826874583108311 0.9464262426347162 -0.3216548440209962 -0.004050503585978756 655.6988860834017 -253.57660272751392 7.937534203863752
cameraImage_550.jpg -0.06204617150176904 0.7049840033183133 0.7063152861784003 -0.01632618075308019 -160.43140241840433 616.7426781328321 67.32576936493753
cameraImage_594.jpg -0.1505365706882037 0.9865263293361805 -0.01535310852114442 -0.06219987516591021 688.1354000215888 333.59284503307975 32.46085217406941
cameraImage_332.jpg -0.03895783547649324 0.7078876169402809 0.7052473423873185 -0.001896020364349515 -17.75702252104745 650.4573226954066 46.12978612591368
cameraImage_358.jpg 0.25036863717142943 -0.6752644989632367 0.6751071120278171 0.1598868013636849 116.60373645227162 -586.8798474043234 -364.20886536258837
cameraImage_728.jpg 0.05063986782064643 0.001207495649833448 0.9978212842256446 0.04227091775262768 -630.8348677895815 -384.0173557686884 -85.76117213000951
cameraImage_318.jpg -0.06129304395478568 0.7111007138365649 0.7004130867952167 -0.0006673753673450858 -13.711565886861731 508.27667756425745 53.23868242523574
cameraImage_670.jpg 0.07079304343627188 0.0392284687964811 0.994837172296208 0.061224773209856524 -697.6209428430625 -892.8935071785086 -194.5109857385056
cameraImage_450.jpg -0.021287344290423574 0.7092745406632126 -0.7027345150974382 0.05138751045553434 98.43606971659695 179.55538113266442 8.185162294229153
cameraImage_635.jpg -0.14819116354766984 0.987287647609464 -0.012800015435372304 -0.05602356226636503 716.6612883335824 729.4993643459139 160.2865095908404
cameraImage_402.jpg 0.8240273835375104 -0.4847343419858416 0.19158076241176117 0.22205472378133775 563.1959385209238 141.63149754843684 -103.92484313766958
cameraImage_428.jpg -0.13130239896698687 0.7088465000081161 -0.691815086137051 -0.04108778461953062 98.37606485280662 -9.566722336133406 14.566456252917133
cameraImage_712.jpg 0.066214006642369 0.002047798259456978 0.9968368269507305 0.04390731466910862 -628.2914663009401 -541.8562723610717 -120.16366519464226
cameraImage_663.jpg 0.02646658594605998 0.8440454892747671 -0.5351249701927462 0.02297821010199553 1139.009682135437 -172.55179644052834 39.955578354652936
cameraImage_166.jpg -0.14578604812590717 0.7104075305985331 -0.6874823026053385 -0.03789000191590005 -21.921670650125613 -402.93213015638287 -107.55268931572243
cameraImage_377.jpg 0.10927122628647064 -0.7060359640526362 0.6987847806228316 0.03567698053390761 107.30618616593597 -503.58345481581455 -85.72940816066733
cameraImage_567.jpg -0.27488553835462254 0.9149435270377283 -0.28744792324870716 -0.06848338890020467 667.8654133281882 -233.26576422656234 -111.08864866013388
cameraImage_520.jpg -0.06153641237857112 0.7115306846312592 0.6999329543237257 -0.005586969787609344 -157.76346760758946 321.20498311778164 44.45147073323104
cameraImage_652.jpg -0.01606185219229738 0.9975099373732853 -0.040098683867485156 -0.055749773970767504 762.6794103835527 866.6586368707818 -36.60094159817842
cameraImage_287.jpg -0.05909130767749873 0.707060984133629 0.7046783923388709 0.0011599326066443834 -25.247472597174937 202.75513386188393 21.69166429784082
cameraImage_213.jpg -0.11663313741450594 0.703943163955247 -0.6997279826905004 -0.03523469053940372 -40.05942915767108 45.148000439444594 7.790639956044175
cameraImage_277.jpg -0.07547533605442025 0.706388805969658 0.7035953613071269 0.016489269096236242 -26.372843890183198 103.20690195276491 17.988551487425166
cameraImage_385.jpg 0.20862330213592303 0.6605050519255559 -0.5950300427132426 -0.4076133492114781 -32.03069111666572 -423.3384156436522 -80.55680833419908
cameraImage_474.jpg -0.05527957238776557 0.7052104831834537 0.706731102804874 0.012389173216689085 -167.9316385081165 -136.20838092940406 2.6665719790206346
cameraImage_677.jpg 0.05705373829264814 -0.006159219810146076 0.9974817225591248 0.04167910889936175 -619.3431601301695 -900.7341685452483 -132.87852491604616
cameraImage_673.jpg 0.0697824633040275 -0.004516642393981958 0.9972015832036932 0.026438801273005987 -621.5369423211456 -939.5075464314187 -123.62653320728232
cameraImage_666.jpg -0.0653060018892361 0.8635792068659646 -0.49914351418383274 -0.02866760949588599 1149.2086043865943 -78.89771918327045 21.807635503205827
cameraImage_142.jpg 0.15826222949267096 -0.6955968612516888 0.6988793513710947 0.051630664918498465 -35.07344775588725 -625.7785370441475 -189.65762390786887
cameraImage_463.jpg 0.02544644912199745 0.9973969174934239 -0.0575505346562604 -0.035210838707379795 -160.50740106376668 185.47952222774023 9.633420104839917
cameraImage_614.jpg -0.1576300295417159 0.9865430340876276 -0.014737772804357402 -0.04084622054270592 702.9516773328901 519.0570229505455 128.7876289128238
cameraImage_644.jpg -0.1443552725156912 0.9879442544847663 -0.01714396102284787 -0.053233353528651786 729.6817364693229 811.1472762720041 183.58139904990966
cameraImage_279.jpg -0.078494373631178 0.700409726651443 0.7092650395279652 0.014420534792283795 -27.922674502714354 122.57976790837495 20.93722707577906
cameraImage_509.jpg -0.06603230976936106 0.7081924045623166 0.7029185679896904 0.002956173555564505 -163.153189002166 209.74834326620206 38.27121392729359
cameraImage_337.jpg 0.003294114422657902 0.7043060596096711 0.7082747053278896 -0.047844174148595445 -26.390380027878383 685.419239097008 -37.216118367286064
cameraImage_351.jpg 0.06214238952668463 0.9973727667635346 0.004222288480475351 -0.036987292714564225 695.2717934123903 88.03096418426858 -50.503769220450984
cameraImage_212.jpg -0.11659796224778503 0.7053169231954531 -0.6983869191498522 -0.03447700993619766 -40.32495773733687 35.401357116948695 5.427525097406225
cameraImage_645.jpg -0.14333242617711536 0.9876965839320754 -0.016338354835970972 -0.060368301751374136 729.7772256881013 823.6847833785354 174.99482329106908
cameraImage_148.jpg -0.15346331148880865 0.7057826524742872 -0.6898544399916222 -0.04920072272938684 -19.964811154698562 -572.7671398313338 -166.12580102681648
cameraImage_647.jpg -0.13959196184291753 0.9884456503528456 -0.014797874673577883 -0.05718656653909687 728.1400340950613 846.2168385205214 179.2656872235263
cameraImage_568.jpg -0.2649647278655359 0.9132939405445345 -0.2946180638206507 -0.09427654863405742 660.9915838314641 -227.51181483884514 -145.16047037132486
cameraImage_386.jpg -0.2850642836564261 0.6886916726441803 0.6489312657853848 0.15274274614589364 -51.25234699441456 356.67356334837467 270.42776016996737
cameraImage_727.jpg 0.059812170487270694 -0.001823933730902276 0.9974381364921198 0.039196191122016555 -626.5071858430784 -397.6193886435269 -95.55003918044531
cameraImage_203.jpg -0.11075996934170454 0.7060189278085542 -0.6978797602764419 -0.04725825815643674 -37.75192113418584 -51.591375503068626 -13.250348539555183
cameraImage_583.jpg -0.17142822601087948 0.983317521573697 -0.006494223239290028 -0.06047181291678766 676.429502106286 238.46418107783018 14.214937980523818
cameraImage_608.jpg -0.14122447971664942 0.9884506648777742 -0.01611968259126483 -0.052546029960453995 699.1280278344312 466.74789050462084 78.21342390518483
cameraImage_354.jpg -0.042297626002803054 0.9979409882266289 -0.037315384969475625 -0.030532882215175937 702.0224600770088 39.90334247493065 -26.165468992239354
cameraImage_361.jpg -0.14282161025884904 0.6998391738805717 -0.6987338326970381 -0.03997686067884193 105.35587381891338 -652.1499225217061 -147.72031001601266
cameraImage_156.jpg -0.15735017925304218 0.7050994879473013 -0.6896790619319998 -0.049177481819266476 -22.188893550479165 -495.41969100334825 -147.9236676539983
cameraImage_412.jpg -0.10610188794990723 0.7087674262460033 -0.6964180741713533 -0.03732279241354649 106.15038210103462 -166.20655755559818 -21.700019042563447
cameraImage_551.jpg -0.0758893003701705 0.7083202129669075 0.7016971496101397 -0.012016664297818598 -151.59630435670294 626.7080908661303 85.87851152710768
cameraImage_662.jpg 0.040590265942415694 0.8553688452528634 -0.5159801925503323 0.021471138237871733 1146.340627324723 -126.21996960505173 21.89650942752119
cameraImage_491.jpg -0.07188441970472151 0.7142462285281718 0.6959926517803703 0.016708797225615975 -167.1623861401357 35.12040047348536 20.773436515331095
cameraImage_654.jpg 0.09300317372089989 0.9714491635091205 -0.20916956460272212 -0.06232997384226696 993.8742214325091 543.4038690828196 -233.3911527504868
cameraImage_543.jpg -0.04775610304196822 0.7063265198504707 0.7062456777582444 -0.006264553133770242 -160.4782810503069 547.3193618612514 53.18801142956473
cameraImage_210.jpg -0.1216925848257333 0.7107115321000175 -0.691467162545116 -0.04419497777218234 -40.074497156094125 15.27948061117931 1.543709880031141
cameraImage_457.jpg -0.132843664396237 0.9902296443347846 -0.02824829199174227 -0.03162034645501636 -172.05844852171967 123.05161787571026 49.21626792596901
cameraImage_464.jpg -0.006543075397436372 0.9979191818001297 -0.06218525518339964 -0.015731776679006278 -157.48847072792228 187.6199848561251 13.453356799764592
cameraImage_598.jpg -0.14530826800897398 0.9880668554304384 -0.017677252148083 -0.04792610149522747 692.9005534589581 366.7040023223868 58.93450528499595
cameraImage_579.jpg -0.27345461069338955 0.9594467549674816 -0.015566788527472114 -0.06664964641944447 679.6722827842002 180.1423446610625 29.29086875302901
cameraImage_695.jpg 0.05686949217427803 -0.0036625297451485053 0.9973198617206868 0.04588616516048993 -624.2394953531763 -719.3621650854418 -125.69963119141279
cameraImage_513.jpg -0.06584592988813341 0.7065441762313958 0.7045988282540628 -0.0003630064286797103 -163.2349772322153 248.97229350741262 41.898721493647805
cameraImage_704.jpg 0.059193905042063746 -0.00185688668388112 0.9970014000599796 0.04980805011397166 -626.1747209279547 -626.1772019980822 -125.72855576196639
cameraImage_631.jpg -0.15314592902340932 0.9866657210100727 -0.006251824213070182 -0.05475394142195014 704.7521110805916 698.1956026344873 158.9637332192655
cameraImage_495.jpg -0.07009036567654617 0.7022738844651266 0.7084329139405523 0.004640935604777702 -166.79465457595876 69.35161612275829 26.794517625092027
cameraImage_438.jpg -0.11676573325314993 0.7057921040391562 -0.6977905827532672 -0.03621563246295121 96.82287828238276 86.80801173177667 35.057966706962624
cameraImage_578.jpg -0.26564689651607587 0.961733583043763 0.01461298760169497 -0.0654729120364738 666.8470137739153 214.49367094353627 36.29806248134321
cameraImage_243.jpg -0.00528921756817555 0.9983771020894385 -0.05659828995776563 0.003437989945807516 -166.7092145115834 44.438975692270006 2.898561882927971
cameraImage_255.jpg -0.07978325105783927 0.7115963396721764 0.6979976081983214 0.008038729080190338 -31.96701717406785 -111.85005555356959 -7.078347519054056
cameraImage_288.jpg -0.06605180377469833 0.7101111490741064 0.7008925644805413 0.011354656958679831 -23.144525838132516 212.03267424990085 27.496867914896217
cameraImage_522.jpg -0.06911579647995719 0.6999742720386694 0.7108028987165378 -0.004273679567279426 -167.2253238082223 334.58483451744956 52.324651186102265
cameraImage_305.jpg -0.06785987931537735 0.7052879207277609 0.7056641951495907 -0.0014245485935082945 -23.03880978949292 378.9290823982238 42.98073370334328
cameraImage_750.jpg 0.058406328116758666 0.0002398470570357718 0.9929054243285856 -0.103573460153549 -630.0154580575918 -188.32201961219326 -24.943157470433274
cameraImage_456.jpg -0.27012326960342997 0.9618661714016247 -0.01531540121369552 -0.04015377961781808 -175.19661165865168 91.81256110240118 77.83016366202679
cameraImage_409.jpg 0.13201143776530236 -0.6977437573590146 0.7012743334329181 0.06277689570119077 98.65261510937397 -186.96562370450138 -42.48313850449721
cameraImage_171.jpg -0.1367458204069464 0.7066691672251384 -0.6927544469924902 -0.04483909975331933 -30.111825695472092 -354.73363981170104 -94.72747543928057
cameraImage_240.jpg 0.08054196552650081 0.9966621650263487 -0.013285968669641353 0.0010018136695002513 -172.1503497028589 19.829140095008203 1.1586603624839658
cameraImage_475.jpg -0.040730690651502005 0.7052411026919383 0.7076797434569476 0.01285996164925688 -166.65781217137143 -127.3764606995784 2.7371948405465183
cameraImage_741.jpg 0.05417552480183523 -0.0037119767695484238 0.9974216192865155 0.04691851575628883 -625.5693684941746 -258.7648938837008 -82.24573492301543
cameraImage_272.jpg -0.07800389659528334 0.7089944249983732 0.7008382681916413 0.008247379906385873 -26.794961659809896 54.26370697095275 12.20089538507911
cameraImage_689.jpg 0.041675800989053435 -0.007079297147447594 0.9982005335979918 0.042528882991489006 -621.6146895432836 -784.6984497589549 -106.39718551092894
cameraImage_204.jpg -0.11327790310766822 0.7062494651155911 -0.6966502956257021 -0.05530077120703514 -37.85527636344104 -42.01266484515406 -11.15494539359247
cameraImage_341.jpg 0.013816856699087951 0.7785269781308077 0.6195272260825816 -0.09945277741667731 127.74979015804702 674.716056918733 -105.98350828366712
cameraImage_743.jpg 0.0647859578361715 0.007793493861434508 0.9969632407546739 0.042501031806519186 -629.4339599373751 -224.05082726172358 -91.38235675392689
cameraImage_667.jpg -0.02767917896516435 0.8311973599800788 -0.5549415652019413 -0.01961303202417449 1130.111369977338 -223.22714536356912 -2.6823197568703256
cameraImage_621.jpg -0.15188939833943457 0.9873747463242253 -0.02110800040347211 -0.03968845313467983 715.4107077712705 579.1632990693565 143.9421800457112
cameraImage_571.jpg -0.004606313003852582 0.9497360566851022 -0.3130168889766389 0.000794813266671457 659.7563514140263 -248.0095374032642 12.509545939709215
cameraImage_419.jpg 0.11449560406686807 -0.6954078522402785 0.7081168622198754 0.04323407373593148 97.81601398418303 -101.69127766061239 -9.288127621500973
cameraImage_300.jpg -0.05514933066406956 0.703210304224275 0.7088006493231439 -0.007447071853929536 -26.93039014287401 330.49530403253124 28.48565773171676
cameraImage_215.jpg -0.11771521459881185 0.7028127083728526 -0.700682806763549 -0.035228248715020824 -40.3997456606369 64.2798794357481 12.283633261764964
cameraImage_504.jpg -0.0584702000874629 0.7109370281657711 0.7007285892811804 0.01136757883457153 -162.35901933975586 162.1242399247587 30.400718044888194
cameraImage_177.jpg -0.14761232459676443 0.7011337090867866 -0.6953306345258186 -0.05601278692645328 -33.820539729794234 -295.0347788799103 -90.39568913291373
cameraImage_562.jpg -0.004945309930277396 0.6932690832143983 0.7172051893082498 -0.07049991913524963 -189.1101235501478 691.0423229380532 -35.02527378834231
cameraImage_343.jpg -0.08399978395906035 0.9953359211957924 -0.04631434434787004 0.010267510885346793 694.3747839672369 -45.63663604559284 23.209848675015905
cameraImage_286.jpg -0.05047780950686054 0.703112585475315 0.7092799271155799 0.0025822247238870767 -27.992904706404303 192.83799718624982 18.635897902953293
cameraImage_492.jpg -0.07427677392494718 0.7077916364049248 0.7024978784860498 0.0032697114766691974 -167.5065633921049 41.789716719184945 24.837100475719687
cameraImage_692.jpg 0.059683327909914735 -0.006170778945757431 0.9973179294872472 0.0419138328009973 -620.1901430214218 -752.8039219350272 -125.83535444630016
cameraImage_399.jpg 0.01537870522112847 0.6858365784197374 0.7204673697606606 0.10157978262127149 -39.37756151026408 440.8895631269776 60.353420989227445
cameraImage_390.jpg -0.010728338037923292 0.7034196674159156 0.7102572997187131 0.024904667267576047 -118.9110265296031 376.23985006041374 20.053710457595123
cameraImage_290.jpg -0.057347770046041475 0.7092513529620629 0.7025580809729154 0.009267925975332058 -23.629800455872342 232.0564143153917 26.04888255993776
cameraImage_482.jpg -0.049614010390711095 0.7104987607316662 0.7018118786594301 0.01378578776271618 -169.09281026044818 -54.63250733467156 7.766915034705862
cameraImage_217.jpg -0.11601574958157503 0.7039932636246429 -0.7000109190930858 -0.03030748703872853 -40.52865470409806 83.91519462524406 15.881553364335966
cameraImage_330.jpg -0.03743164043887994 0.7078565063310657 0.7053427518097336 0.005444374004843433 -18.414775979131353 630.2574344021554 49.510315940149326
cameraImage_471.jpg -0.01811932654663775 0.712605515396534 0.7008664573207135 -0.025520157418193894 -170.84241671004844 -162.59610416059223 17.727762404733284
cameraImage_528.jpg -0.0781289536219487 0.7079597976943246 0.7019069155052617 -0.003933626881192964 -157.3108906503066 396.5364226108141 65.7803996508948
cameraImage_680.jpg 0.05578742162055075 0.007427273296426895 0.9975949348017108 0.04045918014841232 -643.6962104754982 -854.8483513020418 -127.77303928994121
cameraImage_510.jpg -0.06268283084551432 0.7089922004603738 0.7024001565885012 0.005911212058286418 -162.7521626837023 219.9820487224014 37.74749902439133
cameraImage_609.jpg -0.13659023720413602 0.9889095303393004 -0.0180459902304149 -0.05545620020543437 701.9984058320465 475.2948967568108 72.10487309447106
cameraImage_540.jpg -0.03998895918798782 0.720834947182165 0.6919194938170037 0.006728754711531072 -139.88556201019227 523.4570901921397 49.916727348024494
cameraImage_486.jpg -0.06734265012955548 0.7011064555672011 0.7098651110012267 0.0024959204193975575 -166.60293692954068 -20.986659478694587 17.84863054137594
cameraImage_624.jpg -0.1384335023919333 0.988691919490154 -0.022900707476354868 -0.05291513344460429 720.6471209108628 612.4445872869168 117.28135567225875
cameraImage_736.jpg 0.059689891177677964 -0.0019121954434932985 0.9971421204339531 0.04627150371733195 -626.6307301354913 -305.9942314017462 -93.18244577884515
cameraImage_410.jpg -0.1068729584628636 0.7123458946695005 -0.6930315891371064 -0.029132688770544604 108.53375755233596 -183.6468612826962 -23.34927197525616
cameraImage_715.jpg 0.046081953034488636 0.000975028846241445 0.9982457921447694 0.037159674225396004 -632.7884652684896 -515.3777745745983 -85.59114013325207
cameraImage_316.jpg -0.062087086005468965 0.7084383216776797 0.7030363792198617 -0.00043315504101337413 -17.631585192612476 487.89128326999884 51.84878434333916
cameraImage_322.jpg -0.05437790662348632 0.7105228331985762 0.7015569517376973 0.004265002136582523 -13.983525359818437 548.7592041690144 55.610601973124695
cameraImage_141.jpg 0.15111525273560378 -0.6936439875735946 0.7028041474356188 0.04570042933004638 -41.61582653080396 -637.9248787042806 -180.9637432025752
cameraImage_586.jpg -0.16947365740718298 0.9834520887877657 -0.009172602801161975 -0.0633761142850062 679.357627223684 263.6264113007365 18.61207849301595
cameraImage_440.jpg -0.10807262213280559 0.7093068744142269 -0.6947137823601734 -0.050762455150262294 96.39895222092895 107.16507155574881 37.61603376247178
cameraImage_554.jpg -0.07263608150165579 0.7065141996665415 0.7039311887499419 -0.006524326687466606 -156.02685620778763 655.2322272324278 89.41669340044139
cameraImage_408.jpg 0.1275623622705296 -0.6941813652211917 0.7083376234979756 0.009893788397020207 99.57888600160956 -208.99858122960478 -23.742434750096333
cameraImage_417.jpg -0.11831141724213903 0.7007772204775139 -0.7024444588866368 -0.038541899141409444 101.77310342697893 -118.73043551114559 -12.929033528023007
cameraImage_183.jpg -0.14252672179572295 0.7080607883049855 -0.6908131151221635 -0.033366054820748996 -29.376256070496385 -241.89016893012973 -65.70077420441744
cameraImage_574.jpg -0.037184450987820535 0.9491148708956149 -0.3124458429311403 -0.013261737615532803 660.0801599312049 -236.113358736039 -8.596629379275385
cameraImage_436.jpg -0.11401677712670331 0.7057996648095873 -0.6973801763635741 -0.05007891076515712 97.71243596027021 67.46802806756034 29.520104844170294
cameraImage_669.jpg 0.062321463961100027 -0.1394974616569802 0.9862390395929077 -0.06315892734890881 -353.9097675990416 -1091.1089832909647 83.09207411601265
cameraImage_298.jpg -0.04593927628455834 0.7034250728767258 0.7091315719923915 0.014668447307890943 -27.5430959806332 310.2710513824118 31.22563479236797
cameraImage_367.jpg -0.13592636138457523 0.7060477833701312 -0.6941445791656659 -0.03440719537821038 114.0323314345877 -596.6906476367353 -122.02485917839836
cameraImage_366.jpg -0.12993639754777284 0.7107932498652504 -0.6904407542518523 -0.03436645757766949 120.73071449171859 -605.7518145297511 -119.03259652791739
cameraImage_500.jpg -0.05450495688528914 0.7070068836692042 0.7050240967592268 0.0105593138096131 -165.09195118972133 121.29560536477271 25.068208824404607
cameraImage_596.jpg -0.14319207882217183 0.9874241513138955 -0.014796690453488576 -0.06535007204466116 688.9189738043383 355.0099501928237 28.893434650084146
cameraImage_581.jpg -0.15524760806889612 0.9855888439294201 0.012679004815438592 -0.06597009737484388 665.3929231400743 247.84899308790347 -2.560206603079425
cameraImage_449.jpg 0.0037369988523924 0.7116490701016007 -0.7000744259794445 0.05862963374144195 98.07880853571253 178.39754219733834 -2.2151688480861607
cameraImage_216.jpg 0.11821554418439574 -0.6999013923342339 0.7035123476761815 0.03512125836208876 -39.593936247896465 74.42132739185548 14.675711761580787
cameraImage_484.jpg -0.05565228869592649 0.694640446208006 0.716973604261666 0.018064441504926115 -165.65705936418559 -42.51415192376761 9.003474440932077
cameraImage_158.jpg -0.14607943374496704 0.7092124437098769 -0.6881025089857788 -0.046834238024018864 -20.1342118089336 -478.84086834797404 -132.516617149999
cameraImage_676.jpg 0.04965637031815736 -0.00550915642152804 0.9977669231097355 0.04432901116064284 -621.7008397619444 -909.451466861208 -129.16820759472063
cameraImage_732.jpg 0.06306432339866613 -0.0012496023975601084 0.9971339589719491 0.04177556071488665 -625.6917394180563 -345.68891538154435 -97.58203630276624
cameraImage_461.jpg 0.09602994949247427 0.9951568462633567 -0.007996537791834967 -0.019420492243697095 -178.75631989711664 159.79550556843827 -16.38079451719209
cameraImage_339.jpg 0.030784223815760618 0.7085261623158733 0.7011069704434109 -0.07410819707471135 -16.978771750293934 686.6204091390949 -90.1342930110913
cameraImage_435.jpg -0.1102549620803987 0.7071473674589255 -0.6960328586257049 -0.05766024406720892 97.74169569547557 58.425126856823695 26.060096813305304
cameraImage_380.jpg -0.11204272062950173 0.5973902628513533 0.6818208845319014 -0.40705231115971624 -225.44955352890156 406.3073064909774 -18.19020506301966
cameraImage_721.jpg 0.05519367395780324 -0.003682192867724875 0.9973252343020447 0.047775274306861786 -626.3601440749085 -459.0679408602662 -102.51254011771071
cameraImage_221.jpg -0.11592383322556803 0.7075746701303788 -0.6962729313484041 -0.03322282576296467 -41.86260100461855 121.78599127317665 24.827706068946206
cameraImage_626.jpg -0.12895407113337148 0.9902933835219879 -0.024787437348770005 -0.04555705258665455 723.9638096176915 631.0906950266938 120.19917893923316
cameraImage_429.jpg -0.13800984575089098 0.7029226908991336 -0.6963257793934945 -0.0445351776349741 97.89621025524569 -1.2284793904199354 17.248926080170936
cameraImage_376.jpg -0.10019440078270793 0.7088433215430024 -0.6969828772555768 -0.041437861530428444 108.61853823870726 -514.3057353898516 -86.75696053367388
cameraImage_690.jpg 0.05082003231123871 -0.0053584016346228495 0.9978922777191568 0.03999517366231757 -622.9561202474147 -772.5245935055342 -113.31874007854037
cameraImage_447.jpg 0.077746524577028 -0.6877948190378593 0.7207410092021773 0.03776456639628668 107.31159727939732 159.62945644029907 38.67419032487404
cameraImage_424.jpg -0.13669495894675834 0.699864043711067 -0.6992360279336054 -0.0507324921383938 98.74547121602056 -49.40598965620786 2.8071346989107835
cameraImage_247.jpg -0.00799865208452546 0.6689130753503116 0.7412564736503027 -0.0550468842146183 -9.581880714103747 -178.96428977839543 17.798279525030306
cameraImage_656.jpg -0.25505198981502636 0.8223769274555551 -0.48440089899630545 -0.15492075629729987 1146.1782817264427 -129.49361653992236 -83.75613048044445
cameraImage_234.jpg -0.015182326286942814 0.8993476017641936 -0.1186373117237784 -0.42055745913782777 429.75554252563774 648.9695992290935 -408.21700803159325
cameraImage_638.jpg -0.14443835665985055 0.9877018589360035 -0.012813637830039868 -0.05846716741322335 718.4984575144086 760.2475429971352 160.27915184432518
cameraImage_516.jpg -0.06960184808156991 0.7099850425944415 0.7007677527200528 -0.0011742161156138872 -159.20965536796277 280.3173090026446 47.01998302232715
cameraImage_398.jpg 0.1960396194071816 0.6566658419175215 0.6522186015450117 -0.32398971508384267 -79.42000039363504 242.12113750504525 -192.9923238470918
cameraImage_481.jpg -0.04517948720969276 0.7083119826278369 0.7044251309238793 0.0061793303980543 -168.88998350726115 -65.83946630970625 8.88000513271494
cameraImage_688.jpg 0.06675997413108983 -0.00833265542665393 0.9970598993641896 0.03667737432572536 -615.8877377177735 -795.7826600794479 -129.3448278455506
cameraImage_458.jpg -0.14015151463917197 0.9893287176359842 -0.029401806437796246 -0.026865873953421677 -169.66140690225407 131.78577509604722 51.819753506006634
cameraImage_546.jpg -0.0657796574173568 0.7049796952670967 0.7061126076101564 -0.009036111174151895 -160.3639156296223 576.2425309353213 72.2622790848708
cameraImage_537.jpg -0.04189762561173009 0.6984973909252028 0.7141400364704448 -0.018708077099908255 -172.285663457301 484.06887807417377 38.06051371181852
cameraImage_220.jpg -0.11252823264891047 0.7089059489067805 -0.6955337180334231 -0.03197811032711997 -41.98006221148555 112.52555772356008 21.981313152332003
cameraImage_274.jpg -0.07268098298150755 0.7078120087691051 0.7025589538002251 0.011425908726202067 -26.545708626088697 74.30339344427883 13.677185265255567
cameraImage_198.jpg -0.12894532288082122 0.7053444181317811 -0.6955092156969409 -0.04614419138014961 -36.69474462181936 -98.45471766647341 -28.01374332844893
cameraImage_284.jpg -0.05746779143319165 0.7061309130811825 0.7056827624791235 0.009403471633394741 -26.564123252760687 172.42794670176866 20.51949809628753
cameraImage_151.jpg -0.1506020002949143 0.7048753093989298 -0.6919186186174232 -0.04145432326658399 -23.448151472219312 -546.3035092274665 -150.503256709673
cameraImage_444.jpg -0.07863616801360504 0.7090137401315096 -0.7007965537633489 0.00024416854384146346 96.74143317778157 148.74154131236344 33.03301997564432
cameraImage_696.jpg 0.05753673591183363 0.000642770671792112 0.9973247685331158 0.04508233508639729 -630.3286370507409 -703.984520015296 -124.57869329533264
cameraImage_162.jpg -0.13963829045557855 0.7062390772798837 -0.6926256957057878 -0.04468958726118099 -27.128921076710878 -440.92417495872127 -117.13241465919435
cameraImage_309.jpg -0.0573723122879101 0.7011996614681422 0.7106492651606565 -0.0022526576126175434 -28.695522126125567 418.45300267006627 40.570384369576495
cameraImage_195.jpg -0.09303283956199443 0.7138583364675308 -0.6922217415697626 -0.050795932090741805 -34.842622813046695 -129.35985120989412 -27.324663853288747
cameraImage_722.jpg 0.05630286414584908 -0.0033147596892568443 0.997229349556908 0.04850385798555282 -625.2320274676815 -448.4940608417409 -103.37744285319522
cameraImage_501.jpg -0.059413966677384605 0.7070733512047194 0.7045518344816861 0.011134141559921774 -165.66636886523747 131.00970941527618 27.56509952601797
cameraImage_597.jpg -0.15127028068260148 0.9870744445745182 -0.01758826318525713 -0.049919896316381406 692.3415073783068 356.4452989473814 57.824989500451906
cameraImage_218.jpg -0.10785609792693357 0.707091904887194 -0.697459498851199 -0.044026669703827265 -41.00540610429208 92.81819172395495 20.076813876261742
cameraImage_182.jpg -0.14558671655471997 0.7032708584634997 -0.6950221721219817 -0.03404097321861989 -32.130356252837245 -250.22795432154848 -69.75125488281786
cameraImage_582.jpg -0.1730679053113381 0.9833349584030681 -6.007122335524917e-06 -0.05567638366036563 673.0973531572401 236.5810332361304 19.560213237120212
cameraImage_555.jpg 0.0226347273044474 0.698959193636896 0.7083581663404422 -0.09577276715810162 -176.30780240981068 661.6389757468481 -83.65098806342432
cameraImage_184.jpg -0.1376671250753567 0.7081871683625718 -0.6902299302800904 -0.05568968114138796 -30.52989373987559 -231.08954664189062 -67.60981551981384
cameraImage_269.jpg -0.07728798543865426 0.7077377379003149 0.7020458226838143 0.016294922853015696 -27.54942840373505 24.05267903621975 8.490291366675262
cameraImage_679.jpg 0.05500980745176743 0.003555600173615669 0.9974556918511651 0.04520422087857269 -636.7602649971622 -868.5490076346717 -135.55302703638648
cameraImage_179.jpg -0.15630521381328588 0.7035283197783141 -0.6891378553443614 -0.07553542040698497 -29.977766361515513 -273.258086741696 -95.57905164385102
cameraImage_477.jpg -0.0201418530168411 0.7075112383002158 0.7062774108345019 0.013941749562217935 -168.4216990895954 -105.87078023620924 1.5912277044173786
cameraImage_636.jpg -0.14932068339839588 0.9871782809886568 -0.012201354054161919 -0.055077236794906365 716.345274207625 739.2435313757695 166.4519615005692
cameraImage_190.jpg -0.12694471953523234 0.7043705684192632 -0.6962111026736192 -0.05511116983724382 -35.50080399548633 -174.62437055514093 -48.54398285520389
cameraImage_312.jpg -0.06818179861001518 0.7072725250759228 0.7036391289926472 0.0029654277095578357 -19.37635163987417 447.3159449783596 53.58318592438936
cameraImage_483.jpg -0.05503912028755914 0.7023590021414615 0.709583370443006 0.012408373767997562 -167.06528955861273 -48.977840048839894 9.895227189356707
cameraImage_657.jpg -0.2598056926109426 0.8280423622043932 -0.47619482563802457 -0.14172274523691764 1149.565095169276 -112.31304845880413 -43.202254856578485
cameraImage_388.jpg 0.13478297564187214 -0.6943724195909668 0.7041808917845358 0.06172328599518943 94.00848606642815 -388.72472891219917 -97.59545819420934
cameraImage_275.jpg -0.0829353142671602 0.7078839713972899 0.7012833768321777 0.014954666999528795 -25.9038064909167 83.69726607050205 16.493458788226118
cameraImage_283.jpg -0.06437107776502997 0.7079357832892833 0.7032846884359868 0.008598726501846201 -25.536975069635407 162.58496936009016 21.190095638787742
cameraImage_344.jpg -0.28389242388952 0.9580909959806527 0.0012209208162387124 -0.03827851135160947 692.3934885869786 31.128942525006288 -27.583357200273696
cameraImage_308.jpg -0.05740553269251864 0.7044924803010391 0.70737370926947 -0.004169586301980902 -24.73651240375937 408.8222079157148 38.51041851762995
cameraImage_303.jpg -0.06528344352827338 0.7085473474886141 0.7026130730219325 0.005796377024977772 -20.374397659693297 359.4824020388529 42.532785224201724
cameraImage_487.jpg -0.06514854318498539 0.7040502764407321 0.7071298900636224 0.006016156847328433 -166.83470581382386 -9.328350422289867 17.365352259471397
cameraImage_384.jpg -0.49702568317374973 -0.08835530889970625 0.7136198814168762 -0.48570101348614514 -312.22887593829654 76.99348963184234 640.3500934406006
cameraImage_415.jpg 0.09680560683373386 -0.6928034242419246 0.7096565369853713 0.08390285667452975 82.0903744784446 -135.06691721333905 -24.642102432466373
cameraImage_723.jpg 0.05354638268010625 -0.0010649323447325782 0.9973839276572121 0.0485484466491858 -628.522235764852 -435.9636098047316 -98.94321500762643
cameraImage_416.jpg 0.10366351881009775 -0.6926482446459168 0.7106285373025699 0.06707731381062117 88.01856084063952 -125.98621491230953 -20.053532397825112
cameraImage_699.jpg 0.057163765943653765 -0.0025817089419993325 0.9974421950812784 0.042833469547996474 -625.9490259874697 -678.3105680224089 -118.32195125586843
cameraImage_153.jpg -0.1427791263519279 0.7068616406359165 -0.6914087704176411 -0.04375676250873335 -23.247687558348073 -528.5389904903471 -140.53113312799803
cameraImage_685.jpg 0.05213051364931526 -0.01145389209669275 0.9975274599368459 0.045718536442460295 -611.9645606080755 -828.6538755888232 -127.70751937370363
cameraImage_400.jpg 0.2443889038231575 0.6236239153742273 0.7217334088108992 -0.1745513175763332 -79.22595760817825 137.06744198905412 -162.2978581918762
cameraImage_445.jpg -0.044984134910729834 -0.6781468006934701 0.7281420849989836 -0.0888957162571801 111.96765522663024 150.13453916474828 -16.737540718146132
cameraImage_505.jpg -0.061751698580661554 0.7054559012785326 0.7060384094313388 0.0053351177458071325 -164.35524658782643 169.31979448545334 32.761096693647204
cameraImage_418.jpg -0.38239346720678863 0.6372558490684006 0.6672040160879241 0.050189839428187305 -228.18929686427012 225.83192695351005 217.89389355879194
cameraImage_599.jpg -0.1491648282676617 0.9874344451933137 -0.016820782674364473 -0.049397689458854636 693.1836584782051 377.1030456587997 63.059958621321684
cameraImage_264.jpg -0.07744288733339076 0.7057494046969237 0.7041339499191824 0.010759067925006893 -28.205488095508183 -25.340095477239664 2.6422828520735613
cameraImage_146.jpg -0.15528310429608114 0.7068438573084268 -0.6881047640161816 -0.0526379392050281 -17.21168966641689 -590.4426355687137 -175.60211508676056
cameraImage_606.jpg -0.132089640481159 0.9900123480973121 -0.018548006833432728 -0.04564919424163656 699.4028524852267 445.03140120017025 73.07266632869022
cameraImage_659.jpg -0.1828435347656593 0.8483071358153634 -0.48909124811702254 -0.0879374558107444 1148.1708080742003 -112.01078544235624 4.579833629195408
cameraImage_480.jpg -0.04978803245856592 0.7035424138138633 0.7088954995607654 0.004049011158259411 -167.77733145655276 -78.67591492907836 9.402330893992428
cameraImage_411.jpg -0.05289935310134201 0.7212482312053001 -0.6886143135207122 -0.05303748334040459 99.2527442118452 -180.03784636825569 -16.37320818530958
cameraImage_267.jpg -0.07749647768368413 0.7069177876753382 0.7029841196361519 0.008652453652673812 -27.952017787534725 4.350720723141371 6.136450156509637
cameraImage_485.jpg -0.0672962776263127 0.6961322047377669 0.7147317397740073 -0.0054502022163401736 -166.1095690960419 -33.013769078834514 18.868872632254348
cameraImage_233.jpg 0.3480881225656133 -0.5037645777674198 0.7797683620207913 -0.13045003145638595 503.3148058082686 -855.7316117999329 295.2663864482727
cameraImage_360.jpg -0.13879783485371042 0.7064459590064796 -0.693338246471061 -0.03084386525342418 116.2725539269254 -663.1252927075662 -136.30368260870821
cameraImage_593.jpg -0.15014003626311828 0.9867457324782177 -0.015426637742872397 -0.05960576981203267 687.1738120494038 323.5971321235806 32.60923422837093
cameraImage_289.jpg -0.06629719088067379 0.705345354309698 0.7057548613095632 -0.001639930784577475 -25.661352448695332 221.68917078541668 25.241991269972587
cameraImage_196.jpg -0.09178844731786959 0.7135444714794131 -0.691225424821962 -0.06809243893294782 -35.10451048048996 -119.20309096580472 -26.974044012863427
cameraImage_490.jpg -0.07169394055273215 0.7152327985140281 0.6951349615526955 0.009455582739650808 -167.20142398824217 25.50539425680682 21.081827363962695
cameraImage_588.jpg -0.1658098487696175 0.9837092730137815 -0.012439852336346133 -0.06832576608823378 682.0200464904987 279.4576767732727 15.666858796711036
cameraImage_548.jpg -0.05744222112537312 0.7022512481140201 0.7095275026933758 -0.010691055896664749 -165.83546320632774 595.5990276453456 64.6457818598865
cameraImage_702.jpg 0.058958970133716336 -0.0015217079448760175 0.9974593139270838 0.0399554915601482 -627.1674534714803 -647.0564390432626 -114.54346548747885
cameraImage_619.jpg -0.15342169404404082 0.9860374989887657 -0.01822846070299373 -0.06212533786657181 711.9683661317398 568.0044333162987 109.53789540857731
cameraImage_711.jpg 0.04882331373017798 -0.006346956722399813 0.9977666903385379 0.04514013544117697 -622.9835667351308 -563.6738541622792 -100.42233765775555
cameraImage_459.jpg -0.137882634452446 0.9895740497078879 -0.031051062419277728 -0.02770218012752453 -168.6885032784681 142.25931055360795 54.27160820743989
cameraImage_580.jpg -0.12761450166856497 0.9900460989846551 0.0008253851942633299 -0.05935132339242186 670.2941417737253 223.67188068154815 -11.976343785157754
cameraImage_706.jpg 0.058753591925798154 -0.0049577912557648264 0.99729180676987 0.04396007155781532 -622.323874695147 -611.1416914572953 -115.99660817150937
cameraImage_395.jpg 0.05900890506393428 0.7107954019799795 0.6990536454358451 -0.05110622711697132 -30.70521411564321 371.09647337489895 -43.916102059503146
cameraImage_160.jpg -0.14196076646840666 0.7080202156310519 -0.6898581982063209 -0.051479912674652455 -23.59495638808509 -459.16439722812686 -127.4294723487304
cameraImage_345.jpg -0.27651705917258773 0.9602453552951905 0.020433036600012614 -0.032398528297751146 692.419625094104 59.150985293218476 -9.85816775322216
cameraImage_716.jpg 0.05308703446582328 0.0005325726607483797 0.9978699677342805 0.037907923076486015 -630.7355711854974 -505.8675612322128 -94.33411841897049
cameraImage_222.jpg -0.1188714463599227 0.7036672332796731 -0.6998136817362245 -0.03134987884536386 -40.76009930652335 131.539385149605 27.036424410518087
cameraImage_235.jpg 0.42451551622569567 0.4683601505324226 -0.5438566206291305 0.551946847146299 659.6190158814073 -103.59853623778208 1090.9813121846128
cameraImage_281.jpg -0.07288586333572057 0.7138946430168883 0.6963670693507331 0.010723540528548674 -22.717490466139967 142.4795360176125 21.333230665717554
cameraImage_503.jpg -0.0663149393606713 0.7070181178278295 0.7040624856695912 0.004870949962912873 -164.28844487918857 150.89234288401175 32.87573555691599
cameraImage_338.jpg 0.035977300339143876 0.6962104393515162 0.7121938483330343 -0.08231998782105387 -40.41022682350118 681.698339111481 -101.93014900505614
cameraImage_547.jpg -0.05232133073926652 0.6989662134000588 0.7130861102970425 -0.014727870731731187 -171.866343560224 584.3946405437149 56.18544779270047
cameraImage_633.jpg -0.15059859823588528 0.9871611835632657 -0.010602156967340645 -0.052157972957147816 711.9261503050327 711.6193922582377 163.84904761755615
cameraImage_590.jpg -0.16933225276721767 0.9834631451521254 -0.01712975433728902 -0.06191447178659754 686.721460028061 290.00532649209305 31.57874138398984
cameraImage_518.jpg -0.061801257184308574 0.712502458842443 0.6989131358206553 -0.00642489931825787 -157.4144657800862 302.1064655162427 42.89036197672391
cameraImage_205.jpg -0.12153790546915541 0.7020836283683534 -0.7001031334063622 -0.04650504172551875 -38.32837686794722 -32.0583475838466 -9.76146409768067
cameraImage_553.jpg -0.07559725223509746 0.7053063332701518 0.7048391478689304 -0.005459609410652386 -157.7603014811632 644.6645960190504 92.25399254023765
cameraImage_201.jpg -0.13385416411088394 0.7013295500948772 -0.6991859866888839 -0.036863002207975025 -37.40581198503198 -69.60230966680294 -21.149363883129407
cameraImage_607.jpg -0.14235226306368712 0.9882891701451829 -0.016881890357071425 -0.05230058462737202 699.1111445889104 455.91558849459255 76.5516699823266
cameraImage_352.jpg 0.008787101930369162 0.9987373571942213 -0.03531558489968078 -0.03463073270319892 701.1156730356124 38.49429009237699 -38.09072217574068
cameraImage_725.jpg 0.06002150381933457 -0.002218335295850358 0.9971701718039707 0.04521223874372793 -625.762466555142 -417.455602154501 -102.33770084484809
cameraImage_393.jpg 0.08033428473525485 0.71228818674025 0.6969113285574559 0.022506484724266564 -8.68749640436007 362.0011241551609 -29.244793244230255
cameraImage_515.jpg -0.0634805870904801 0.7067571905876513 0.7046001609240405 -0.0017612044500340963 -162.6388065773408 268.88409276152856 42.13558454907403
cameraImage_559.jpg 0.03883162675777789 0.6961744356506154 0.7058006897671047 -0.12521440106541218 -179.9751036620406 675.9122026770584 -127.63185896233685
cameraImage_613.jpg -0.1626433955860603 0.9857037673991386 -0.016764626081464864 -0.04067131814595851 704.4340765081481 505.3356052794717 130.69808517651668
cameraImage_735.jpg 0.05952549983911388 0.0007022875060214497 0.9975072798376186 0.03788731096444843 -628.5028953649894 -313.71406091099425 -88.4350734124921
cameraImage_653.jpg -0.073019031897246 0.9953248721329058 -0.02244513297371625 -0.05910021912138759 737.246598214237 887.9440926406892 63.84180731542682
cameraImage_295.jpg -0.04672694171893344 0.7057438432325371 0.7068403377579796 0.010906767401421906 -25.971948401370952 281.39970992768315 27.276644523815516
cameraImage_192.jpg -0.15832898419422708 0.7073030402267244 -0.6864359485664405 -0.05882202449549655 -31.732569438350183 -153.68420850799836 -52.46796532777083
cameraImage_531.jpg -0.06843111710082354 0.7212311283004833 0.6892827730391681 0.0056657368611262105 -141.76148696532533 432.3008171986988 64.84358379230217
