cameraImage_304.jpg -0.014334743382578343 -0.012158722404561659 0.9718048360538141 0.23503625512687099 521.1681769732397 -390.1454562560425 -212.57010359195579
cameraImage_282.jpg 0.6020338245813937 0.4724407814166343 -0.6325127741226035 0.11950971795660921 -50.8067285054851 -40.21940479395907 -239.22021511880362
cameraImage_110.jpg -0.03741048678173783 0.9988948667493422 0.006096856877908429 0.02779080777483126 505.7137088444169 278.5188632676283 57.748841284175384
cameraImage_167.jpg -0.03811226443442412 0.9970450297032144 -0.05741119106530623 -0.03395024571723132 604.6126414010811 896.8383017421118 43.32539916969281
cameraImage_60.jpg -0.040681818260603075 0.7005664435807837 0.7012944436538061 0.12545019367016963 -9.99679967176503 166.35153587139592 37.763695073068625
cameraImage_311.jpg -0.02924320045411432 -0.014318948951714981 0.9700439136915641 0.24073763402939943 514.4082591460832 -306.92114662308376 -190.87094824259793
cameraImage_176.jpg -0.1775738377470364 -0.598853930566485 0.6998247528358431 0.3465354488520794 604.9620846170263 -458.1292020975936 -731.5680468663763
cameraImage_108.jpg -0.34176912495440065 -0.496095434303237 0.6051381873148053 0.5204718623948255 -605.1134771028235 313.9312722278498 2296.9502831836166
cameraImage_207.jpg -0.3710371829548168 0.5153806356397868 0.6128325028291233 -0.47026644867423456 -377.00184220338264 268.68403526073985 1027.4623053617004
cameraImage_67.jpg -0.040392788775429886 0.6948400019275656 0.7066945058694427 0.1270774162083401 -14.512703213814936 245.25439378805416 57.85658531800798
cameraImage_227.jpg 0.4559469006603983 0.6801015834997243 0.5668032654404452 0.09114997633237346 -28.400799968589038 -126.56561414697654 -25.775370607947302
cameraImage_172.jpg -0.028829818685297975 0.9423544155430293 -0.3173496887880665 -0.1021086288579215 994.1910380456982 526.7392192354241 -102.25144131742387
cameraImage_278.jpg -0.18657694594744942 -0.1514771206681165 -0.2364742007905063 0.9414476499070519 307.8477370814302 82.25313350777586 499.128583573181
cameraImage_191.jpg 0.046787892030576005 -0.6719338043079967 0.6954005129954743 0.2504675274624427 677.2182836213619 -258.146585910679 -339.2546489205424
cameraImage_261.jpg 0.7692572332331489 0.4604347024528964 -0.32004201978235275 0.3062944652931653 889.0121584388969 279.0533454580162 1501.7323282675636
cameraImage_302.jpg -0.029055547659432638 -0.009276958442768464 0.9716721315911317 0.2343565272856905 512.8717089997875 -411.68382853097825 -237.21625130253622
cameraImage_100.jpg -0.05082984312152398 0.9986345900736451 -0.007617316787072673 0.009341254822012441 512.4352114959555 147.0057127437953 31.805934575788665
cameraImage_163.jpg -0.049232756945732294 0.9987451850644452 -0.0004211441276650384 0.009165892849798084 497.43936232280674 908.7049765857892 108.36579335923555
cameraImage_266.jpg -0.358935910702807 0.8455015972436347 0.009838601721324959 0.3952154639972702 275.1800113055024 751.8684078457877 1223.5331824489365
cameraImage_314.jpg -0.018400833850556023 -0.010489927381105341 0.9725643703286659 0.23166768506710309 515.7588713155482 -284.10785287323705 -159.1909136552324
cameraImage_186.jpg 0.20963122035920326 -0.6877274350206367 0.6935039827334789 -0.04623799848013514 913.396651925122 -444.4580305598293 241.20084081724167
cameraImage_150.jpg -0.04279736789909522 0.9990066409953119 0.001883424051530987 0.012270666730705279 495.71045115330827 755.4033550884322 85.18736369642231
cameraImage_369.jpg -0.05486426944528639 0.6844439802476742 0.707738305467787 0.1662312871108873 -2.1469742162480574 -120.92174930499365 -37.67192517153098
cameraImage_368.jpg -0.059004441216939374 0.6878316775481703 0.7029149051209225 0.17122118863269112 -2.816475086035032 -131.71795209104127 -42.95062121675622
cameraImage_230.jpg 0.515903513522004 0.1099382365882119 -0.8354301406370315 -0.15431665168320288 -120.70668136650302 -45.40083805795345 -25.238600336777566
cameraImage_121.jpg -0.05560910385716804 0.9981491510039537 -0.0037083152624226194 0.024334097809536808 507.40816999176917 401.23216369589704 76.87553428146525
cameraImage_373.jpg -0.010180804514590476 0.694799030717182 0.709884363479159 0.11495585509963949 -5.633299776573977 -86.33512208829787 -14.182225767736316
cameraImage_57.jpg -0.0341015223113039 0.6936795122539607 0.7128306753611494 0.09756151248995353 -12.556340353581021 133.71119060595342 23.159779699809913
cameraImage_119.jpg -0.0674060850440079 0.9974949904808963 -0.0069102639740672 0.02030792742663141 509.5504786908314 373.3554012210626 78.61871799915924
cameraImage_193.jpg -0.4328864057829441 -0.4350376194399224 0.5925586087480919 0.5217527427420916 -99.8528413384611 -230.9880542997681 -759.894759379987
cameraImage_325.jpg -0.04521699827239541 -0.014984093746492956 0.9697659361127364 0.23934270232705768 505.2512378824189 -150.09800040912987 -126.18759540724098
cameraImage_94.jpg -0.3672112781245238 0.5569061646758539 0.396092767845766 0.630969032698487 68.47367495380774 1.7985995909143013 1258.5605502474118
cameraImage_98.jpg -0.057349900321216854 0.9980939719195728 -0.006306737570393376 0.02190062127373977 511.3276801010566 125.36491060576816 44.04101535969081
cameraImage_174.jpg -0.011108002527442002 0.8130938358019181 -0.5529209153238265 -0.18175117017019732 1095.0168265538243 -15.104334832902644 -325.17106392309375
cameraImage_80.jpg -0.028441401100913758 0.6942284512814935 0.7079902128698834 0.12644288281739666 -17.575578717323783 394.08821561706463 89.70512005389008
cameraImage_348.jpg -0.03483001649163434 0.6745828517264693 0.7200943688187015 0.15871025834322458 18.260348150631277 -356.30502020673526 -96.21124017044784
cameraImage_301.jpg -0.02750923185944717 -0.009700233021305252 0.9759413466200852 0.21607321814424285 515.1605595944892 -431.62642739258393 -224.50891232743518
cameraImage_91.jpg -0.06542937910456344 0.997134918196632 -0.009980229721402832 -0.03662439457103893 505.64311424358806 44.370700057056474 -25.37874420916286
cameraImage_129.jpg -0.05229702293933149 0.9985621418222679 -0.005373990100404712 0.01047809817711713 505.48126920748854 495.525027174575 69.58154441928643
cameraImage_226.jpg -0.46952168605645866 0.7764354373528729 0.09863260195338011 -0.4086184134094541 -2933.9644623803492 -1095.3488617323223 6714.16650129678
cameraImage_326.jpg -0.04490087121047344 -0.01473671165569098 0.97224508009826 0.2291424127455347 506.5163297464566 -142.91136255173586 -115.89116935811806
cameraImage_143.jpg -0.051111815465312356 0.9985713416774044 0.005064614518907778 0.014737963909706749 491.6454093577449 673.6128278447935 91.00467984971858
cameraImage_273.jpg 0.5942454798981385 0.47810488782681126 -0.4889245155224734 0.42336844943601804 -13.785957575347489 -125.4384050745735 -39.9435505806164
cameraImage_232.jpg -0.18917907232131873 -0.06918650453176337 -0.37081241124519587 0.906599504661703 -81.04231069806575 114.05263233455356 646.9598977286569
cameraImage_259.jpg 0.2167121130923533 -0.12424060829314873 0.8074994725735748 0.5343638583244511 626.3279799869179 1539.2844361231118 5621.727222963396
cameraImage_251.jpg 0.5377769313694853 0.04500269439553943 0.8416616814166568 0.01939957780078931 234.9000494529941 -334.4923079231527 245.33408625901725
cameraImage_69.jpg -0.038127543543177475 0.6973849499248795 0.7009040476032663 0.1446859982686453 -12.979924766675229 266.319170833513 69.28374587415182
cameraImage_165.jpg -0.04489671043619201 0.9989546839557621 0.0006801245610393581 0.00856517515485931 495.0208509650664 934.7340689219966 102.2460613097573
cameraImage_161.jpg -0.048160417814321295 0.9987495070760246 0.0019344202148824667 0.01327607960887519 493.1554148201127 887.3569857862781 108.20999193238306
cameraImage_346.jpg -0.03704429589671978 0.6562297130930819 0.7357890095134851 0.16310983193680417 36.886284085174594 -376.05104923011373 -104.39705912889806
cameraImage_353.jpg -0.06154727988568917 0.686990507487924 0.7023820463434116 0.1758278588125308 3.496901683200072 -295.09899828212195 -100.78421113572134
cameraImage_329.jpg -0.03307820039478365 -0.019045258666842202 0.9718089016790735 0.23265977176613223 509.5915319462273 -108.09451519280209 -88.48023293583974
cameraImage_154.jpg -0.04852184231435146 0.9986440955491738 0.0018768945890533977 0.018763755218409842 495.20218684907474 802.8991039377833 105.85479502954092
cameraImage_211.jpg 0.42880170733345674 -0.5937994346494176 0.6691408875388584 -0.12562563361692436 744.5341840282696 -368.34332674133947 628.3116916482489
cameraImage_271.jpg -0.30823503928989554 0.6702469047422894 -0.6632520096058437 -0.1259246560096396 49.33553752617268 281.0456100499606 396.16313556970044
cameraImage_194.jpg 0.5442490234845948 0.28597997123089136 -0.40004950441400133 0.6796829043818564 845.8144122447071 157.0450076418538 607.964693129336
cameraImage_335.jpg -0.06233873244197511 0.20092789508770229 0.9613290880860741 0.177730829663148 418.2118696099852 -255.00450800459788 -105.0981829737611
cameraImage_208.jpg 0.40553836928901316 -0.4414277794022067 0.5813489334347628 0.5501941150182433 822.6598001898182 44.99933212128454 -457.40404890802677
cameraImage_152.jpg -0.045638188930086164 0.9988814577233233 0.0002876442449950858 0.012365532277214594 497.48449586537424 777.8309792087128 91.65537330361587
cameraImage_175.jpg 0.43879833040751987 0.7207121585994392 -0.398942493284907 0.35899149952350157 295.0938965475215 -238.03960983738278 916.5073520135707
cameraImage_189.jpg 0.2503422040890065 0.6447409591674773 -0.6407471946344818 -0.3332880270752326 396.7595903778064 -330.6720112976982 -567.728670706584
cameraImage_139.jpg -0.04916764552623965 0.99867247582729 0.0057463565377478395 0.014241068953501157 491.5869634069012 626.2572448700129 82.96981410131002
cameraImage_347.jpg -0.041769224184755205 0.6648085443092534 0.7264586057785277 0.16894622048076013 27.59467419573054 -364.2294912857782 -107.62470958984782
cameraImage_228.jpg 0.4287547281058725 0.3827056149794107 0.3628616048064724 0.7335102256597122 125.77573664329591 -11.47585416431548 53.906143518799404
cameraImage_242.jpg 0.5941169639465265 -0.48204394313844107 -0.15632967755373892 0.6246756774122468 3664.4567962621586 -1846.3474306293056 7847.935067962233
cameraImage_363.jpg -0.04868717540508899 0.6890854216066225 0.6984992358793685 0.18678773556161585 -1.2854688484553078 -183.37665762523034 -62.42922649635371
cameraImage_342.jpg -0.06008139657327287 0.672635609884685 0.7206648480633627 0.1568239103793594 16.958011197348295 -418.36427841340344 -129.22233090500168
cameraImage_170.jpg -0.03828787777525354 0.9781569832282624 -0.1922466771507458 -0.06916769261547474 832.2527804625794 739.618068102231 -15.692193708436353
cameraImage_323.jpg -0.04230619166016791 -0.01485991315383875 0.9726579998739376 0.2278722984689124 507.3003534169288 -176.33462807188414 -129.51839519723453
cameraImage_173.jpg -0.03688931167096195 0.8878707315054567 -0.4335360931639131 -0.1495700462812611 1085.0086905332191 282.88074789770627 -199.2735752727868
cameraImage_164.jpg -0.047480467762407504 0.9988461149603377 -0.0009328905363649993 0.007153567288477809 498.23023830020657 920.9125833388239 104.32175734805583
cameraImage_320.jpg -0.04372432938714062 -0.01599729245082788 0.9724979654451261 0.2282103785084684 506.85744045745577 -206.64245649641748 -147.0339766777859
cameraImage_231.jpg -0.43240186120842194 0.8795132460888968 0.18043033275563033 -0.08324647379532822 -305.7547355871616 136.70092251164812 209.46338624485335
cameraImage_59.jpg -0.036917041273613636 0.693883436966184 0.7095843985239506 0.11684557903062379 -13.138713509855842 155.52627139579 32.186250235277626
cameraImage_157.jpg -0.037923128277036734 0.9991824656261565 0.001728091560008921 0.013901454113812984 494.3477365794944 840.1751610918323 86.47711647831703
cameraImage_51.jpg -0.02675473516535837 0.7082485173524246 0.6946000689473153 0.12328408669697782 -6.772643830432358 64.90852116849345 11.509903266781965
cameraImage_297.jpg 0.5628446760990466 -0.06317073211111202 0.791627683208945 0.22921810654645838 -25.884884882914342 -208.01084735094597 -603.4263617566796
cameraImage_169.jpg -0.043285226325790134 0.9875598250348047 -0.13903699514285778 -0.05933544590544068 747.9254966978425 811.8334870845008 14.003351065124939
cameraImage_249.jpg -0.02313696220745758 0.9964299989103232 0.07869073632688371 0.019992655344300253 -251.24787931825205 186.78594176412926 1.585535012222799
cameraImage_101.jpg -0.03018035888757138 0.9993097001722657 -0.0035989022679374354 0.021361577224076136 510.02583773686484 163.54001926911107 38.091417918650855
cameraImage_144.jpg -0.051695393667608974 0.9984825251641246 0.005338573528109223 0.018213534750532268 491.2699159088649 685.31879572181 96.60581803942716
cameraImage_199.jpg -0.21972889985887306 -0.5601383106548651 0.7644640649623382 -0.2314281246624551 783.2017307962019 -367.1028295060256 275.7521047107124
cameraImage_197.jpg -0.0908502621165577 -0.6829341035201323 0.7033094856810754 0.17522273674819633 689.8509365499773 -188.4776339758311 -271.62731693654086
cameraImage_225.jpg 0.5886439319430403 -0.6495758398373992 0.17645126253721344 0.44767678255098087 -11959.655985481017 -7459.707168834796 25396.661848939064
cameraImage_147.jpg -0.05373300815660385 0.9984859750525577 0.004085973209465168 0.011037494313332714 492.56669633024114 720.6778325651982 95.95446138895426
cameraImage_114.jpg -0.049984322533604804 0.9982922607113228 -2.49546536310285e-05 0.03023456766680326 506.21819178023844 321.61548394281084 70.69622083698913
cameraImage_187.jpg 0.10945366625753476 0.6763735667240459 -0.5918261583787626 -0.42459450236480073 548.129789207894 -95.56508232091548 -717.2126138898197
cameraImage_65.jpg -0.04200287716439595 0.6970750647767973 0.7026550027242967 0.1363747026499222 -12.415941398495827 221.3188229725553 55.50502563485125
cameraImage_149.jpg -0.04195445963616601 0.9989919080285645 0.0016305532605607694 0.015884971078001787 496.13802048282344 743.1355623767672 86.49517075312876
cameraImage_236.jpg 0.5344645668803799 -0.4021516757015804 -0.7416845009313218 0.050256915524486995 -259.3879303701125 -203.8774221572202 49.776613525807065
cameraImage_327.jpg -0.03516319913479784 -0.01616365924690684 0.9721109086144931 0.23130643505760953 508.9400536430923 -131.54830515831944 -101.9500438856324
cameraImage_333.jpg 0.7301583564825259 -0.550841597485396 -0.38856529520531213 -0.11162132547359135 125.27924436762702 164.49160540864722 338.7729574317158
cameraImage_238.jpg 0.667833342520537 0.5139180731872629 0.49918501495083717 -0.20174528871294892 -5561.398686099504 5236.11678246049 13798.659942048804
cameraImage_258.jpg 0.5555547335201375 0.5211959812513333 -0.6352868327884245 -0.12698160211810805 -603.375700697062 -2621.052333451791 4358.123535778441
cameraImage_132.jpg -0.0501142085377302 0.9986346186974109 -0.006136356005828241 0.01340930932910955 507.9247691822244 529.9784029269487 74.8257664396961
cameraImage_379.jpg -0.011086356611004216 0.7004330243788813 0.701913287287341 0.12879599444868522 -7.4683819113042516 -43.34998916664166 -8.154737908358257
cameraImage_102.jpg -0.054533051816668565 0.9982984078521996 -0.002771882516409137 0.020463426072837087 510.7324982844599 174.70563347029642 47.34682619092083
cameraImage_188.jpg 0.2761744541418173 0.1579256016935061 0.5683359809808661 0.7588026014265702 -7446.199203150191 -16665.112379378155 45800.65425054232
cameraImage_374.jpg -0.014441508697489077 0.700875455818218 0.703247623420612 0.11835462986891022 -7.0554342623009 -78.58993026847571 -13.857245011767017
cameraImage_127.jpg -0.06887107187033592 0.9976083252875625 -0.0033151387244404937 0.00483886676952858 502.0948885738063 474.18243398755527 75.89188266247727
cameraImage_280.jpg -0.029284866428373375 -0.5633246101461089 0.6630816621863538 -0.4920675659644608 268.7816126901776 248.11233716974598 51.28735300099243
cameraImage_244.jpg 0.6613169557999015 -0.5389949339517608 -0.49839558560702685 -0.15409797335888933 33.83170848496116 270.92204207040777 861.5802990471835
cameraImage_256.jpg 0.7413401190182433 0.639248684027973 0.19323565946556012 0.06660276130485598 -1243.480380866323 -396.93819732450766 19818.80415379328
cameraImage_97.jpg -0.07835414966324182 0.9967329036973768 -0.01268609545056245 0.014940177367207137 514.6641574899058 113.01837941262599 41.84987385332711
cameraImage_159.jpg -0.04139826319199028 0.9990650575286776 0.0011870075122816543 0.012401033951757326 494.5253278511224 862.8408892486744 92.98111335176911
cameraImage_362.jpg -0.05607366957185926 0.6947508557599477 0.6924036162498933 0.18642484868073822 -5.573130309788204 -193.06090952802643 -68.10913444982553
cameraImage_364.jpg -0.056320596446335844 0.690854308323459 0.7012997949121088 0.16651400164273863 -2.9667663194687943 -173.98917018297684 -55.282996979830216
cameraImage_370.jpg -0.01707030304990969 0.7000712131421142 0.6993848623766097 0.14307241370006554 -7.216164728437025 -112.16788738692229 -25.132792991946207
cameraImage_87.jpg -0.10696186408029466 0.9562523076149803 0.26361825623042867 -0.06816229746364334 404.9998642891695 259.138656939115 -26.653742607696245
cameraImage_79.jpg -0.0243163004340692 0.6957398124044099 0.705861116078804 0.13082398777235785 -15.84872828612292 382.73942705199295 86.9159583762072
cameraImage_52.jpg -0.021746476476067804 0.7099816684809037 0.6930760577607534 0.12287676485308865 -6.322741463725715 76.60435946444417 13.350962896687989
cameraImage_253.jpg -0.35925195401054955 -0.3049070820269153 0.6739159907675275 -0.5690403696199908 -2943.85598751172 -6891.126029734657 16883.800087412066
cameraImage_61.jpg -0.041971519915521296 0.7029099382593997 0.6992339219453562 0.12340150976816722 -9.026689161336382 177.63684146906553 40.49591168861657
cameraImage_349.jpg -0.042935984719735504 0.6891921926480492 0.7021374174699172 0.1737056988063325 3.4797248268474457 -341.84602138787585 -105.92781297371288
cameraImage_209.jpg 0.120174862153261 -0.6238386952684314 0.771128760600936 -0.04175786592117026 895.4770065315099 -391.2757220474508 192.05341321880192
cameraImage_168.jpg -0.044607620020168715 0.9947106160264215 -0.08553949144882012 -0.03526961869869851 655.9106465000067 873.6766043750009 51.8850512579328
cameraImage_291.jpg -0.012708373385844128 -0.0077778015393835205 0.9722137971703929 0.2336200668620453 519.918494776428 -536.3714522626733 -282.15540343970383
cameraImage_58.jpg -0.031805288651781914 0.6925722487415654 0.711972744837403 0.11147607140333529 -13.192720611041345 144.65693532981277 27.407133492928917
cameraImage_359.jpg -0.04773416960852359 0.6932195289777026 0.6993384017851374 0.1676124502664616 -2.7470027480904853 -229.96705798051565 -70.65214863236325
cameraImage_371.jpg 0.0027397250866218635 0.700794267944915 0.7028974907328083 0.12171690697483678 -7.06732839848664 -103.34232159397504 -16.657771600482157
cameraImage_306.jpg -0.037541679144464934 -0.007277364119176302 0.9706042993859386 0.23762356009457783 505.00421627277206 -368.6575938330916 -224.42146343233972
cameraImage_245.jpg 0.7645703257072726 -0.2247478867570877 -0.440145227277848 -0.41375449647179624 884.4203696979567 -651.786391368036 2337.7722789547606
cameraImage_294.jpg -0.018558456807921356 0.7214971608432567 0.6229482281026564 0.3017166479990621 -56.822835041888865 -20.40781844194158 -8.511752308513813
cameraImage_180.jpg 0.3608239281966045 0.6302462045969603 -0.48738345716916254 0.48482283373386287 987.8587603276222 -14.170579729316968 505.08659689466333
cameraImage_99.jpg -0.046003206200800596 0.9985495860570257 -0.0010072801882202577 0.027953793860808016 510.76932218069464 141.92886550948788 48.83195115590041
cameraImage_128.jpg -0.04898345778480428 0.9987283638506405 -0.00762775993881085 0.009170244379623549 508.3984706398242 481.86686080830026 63.87202582376894
cameraImage_276.jpg 0.6974259454605028 0.6602407692228703 0.20773567845081553 -0.1858092170832639 -321.7821139883481 -66.62601127032181 313.95394859221824
cameraImage_200.jpg 0.5161406121224609 0.6860619765327995 -0.16744958525754985 0.48464262015513576 6976.0557723854845 4003.893453528465 16947.395694658226
cameraImage_229.jpg -0.31252951045817223 -0.5296528401289727 0.11929602378394476 0.7794623998278742 -110.68419375983943 758.8374277475592 258.0325116380678
cameraImage_293.jpg -0.19975828876939694 0.6623573830321765 0.4944823673544452 0.5261810635002292 -19.387909439414102 63.373116591324035 84.21475444475352
cameraImage_257.jpg 0.5469563298410636 0.8319556006874725 0.07987856592747396 -0.04804234004407495 703.923764551427 -43.75432371838215 -174.1944450891134
cameraImage_336.jpg -0.03456926794401612 0.24862010864979953 0.9510812550723171 0.18010400755908867 399.9913113310999 -283.3530619090403 -91.88683265491325
cameraImage_313.jpg -0.023111026271182562 -0.010570089213231916 0.9706251395055288 0.2392508980935916 514.1247474926276 -289.5039855548306 -174.73306372156458
cameraImage_315.jpg -0.025645398267816012 -0.012206680405677591 0.9703937523505463 0.23985261286920795 514.3329536512048 -267.7971556298231 -164.51022914648289
cameraImage_263.jpg 0.6647586023478821 -0.07207662860475167 0.5731876680394321 -0.4736632320763153 -1352.680183236197 -777.0632761377885 2419.4400530200155
cameraImage_55.jpg -0.02995966779145164 0.6874604641039204 0.7171544856449322 0.11040820766230286 -13.602889950391754 110.41292943299496 19.73781644513509
cameraImage_265.jpg 0.2986105052090044 -0.5054155829766276 0.6742651301191812 0.44805511822607547 1058.6604660737912 126.83310432978749 303.6309632634052
cameraImage_372.jpg 0.002315182171804569 0.6882252406858724 0.7179934477748777 0.1040483876219599 -3.8676565960944718 -94.99736442775465 -12.291584500132599
cameraImage_340.jpg -0.14136384982395334 0.6612756878466669 0.725668555462818 0.12702706104754197 13.00394516407891 -429.2490839386957 -167.09508635905902
cameraImage_268.jpg 0.6554417822606822 0.6196583862822127 -0.3679034398356867 0.2259792320859007 -586.2571464060736 -600.9806160741813 1156.3448137718542
cameraImage_262.jpg -0.15905792745235198 -0.3303693841424173 0.774835517998696 -0.5149626838748755 274.61763209040197 -393.2535519132345 839.1256257530877
cameraImage_356.jpg -0.04244911553246461 0.697489944320318 0.6932474990602562 0.17639091589209627 -5.112933339279116 -263.4891619877047 -82.97520170036066
cameraImage_181.jpg 0.626897234542357 -0.602954088644924 -0.043438212446405756 -0.4914868726720728 -310.81646749654874 87.90209214401197 1201.3190884517514
cameraImage_375.jpg -0.015338494225253631 0.7036213564084804 0.6995648612163254 0.12365566041299665 -7.79266326342234 -71.32437732692554 -13.16503172963708
cameraImage_378.jpg -0.012764244495851314 0.7010208199496747 0.7018701911624984 0.12563884278778556 -7.540972304909345 -49.89656880295741 -9.234751163504137
cameraImage_260.jpg -0.38456107681430896 0.3308123134667569 0.7335583353865026 0.4522921180422833 -711.2420548594405 729.0339085582103 2549.987986296413
cameraImage_319.jpg -0.02933422822060622 -0.0149633715750585 0.9742691513538351 0.22296910388232252 512.8343205672315 -223.61451031247907 -137.10096896574163
cameraImage_331.jpg -0.05879427731531103 0.06232561304216412 0.9726932104999173 0.21570041530152761 483.80707357186265 -164.81652121504507 -115.10645897450792
cameraImage_68.jpg -0.03729294835848371 0.694716578064076 0.7041096636547316 0.14215376784909092 -14.797176605246728 255.4232616717551 64.80105824187906
cameraImage_241.jpg -0.4217047995733691 0.370981345234046 0.8074552812565987 -0.18042691671685163 -453.8053143770048 491.2451277423861 523.8441250637796
cameraImage_185.jpg -0.12530218874183535 0.7209814801570649 -0.6772652065593343 0.07613742017678435 868.9712385461398 -313.98258404638386 271.1524207522207
cameraImage_88.jpg -0.1047347316483424 0.9760190299412642 0.18535744937001164 -0.04538838113556893 451.87089730592606 199.65325130052244 -14.43533252294245
cameraImage_214.jpg -0.38837023587559155 -0.6296378331143426 0.6686363902408016 -0.07516739082051392 -44.20209976969136 351.61529156955953 -175.24467065321392
cameraImage_223.jpg 0.024079517504044023 -0.6278467166328652 0.22807365887118516 0.7437816100033755 170.6287534539263 744.6747863219783 261.2050928134514
cameraImage_246.jpg 0.8415557646817403 0.09195200782544605 -0.5173559302346548 0.12518611999273693 211.72965261888112 -67.10992366389914 660.4214866126416
cameraImage_70.jpg -0.03978921897980749 0.6956330447178163 0.703771274912732 0.13862711768375596 -14.517990767766202 277.9130730909271 70.78119975382418
cameraImage_328.jpg -0.035283533158196 -0.01369545350285464 0.9709833649912962 0.23613303824625068 507.6654901048927 -121.76656674306138 -98.90865734982712
cameraImage_178.jpg 0.34218680967770887 0.5565912687262043 0.5464365432973616 -0.5239479468511892 7743137853254685.0 -2.1908643951983196e+16 6.401691041198991e+16
cameraImage_73.jpg -0.02921331154578721 0.695683142346279 0.7046074117993593 0.13674773534191817 -14.764213111962713 312.937427394126 74.57012483832557
cameraImage_310.jpg -0.02500114101773837 -0.01056282654397652 0.9716463585563061 0.234875974819657 513.8327128778079 -323.27047124920756 -190.13809277969574
cameraImage_270.jpg -0.40762458258735507 -0.5162468440754695 0.5892216571534686 -0.46920063341168056 88.32631786853138 -106.05426609542518 11.259541859517732
cameraImage_138.jpg -0.05559909915704217 0.9983265943369687 0.008511530815487061 0.013427771805167523 487.9040897846063 616.1437535459137 88.74608462953863
cameraImage_206.jpg -0.12757053538228794 0.6624534801768756 0.6222647163666964 -0.39707400805000714 -720.6063714855918 414.92182939908867 490.4753263130508
cameraImage_72.jpg -0.03044816313353305 0.6960298886360629 0.7041442259288629 0.13709928000579008 -14.666245650574007 301.20378986387993 72.31360382142229
cameraImage_285.jpg -0.3998300475113068 0.6482990549232203 -0.11777409824379899 -0.6371605215921855 -214.90295215418723 -371.52379777497083 1434.7177515651022
cameraImage_254.jpg 0.804834545752044 0.10359950709481107 -0.5318936342280064 0.24206953125401093 113.73853204534531 114.87466767450451 919.5991288081282
cameraImage_350.jpg -0.06468044085181744 0.691315360713886 0.7005053560610558 0.16489923814868615 -0.150180535738478 -329.101471486752 -108.42124099542781
cameraImage_106.jpg -0.05306434196118936 0.9981694136608164 -0.00023372143032267218 0.029016247492403627 510.34242284619586 227.3983019592871 60.95568771378351
cameraImage_93.jpg -0.04444029339729071 0.9989135987956727 -0.0042274144341112405 0.013372039150506802 511.2593366559988 66.79512874919716 27.772236620527053
cameraImage_307.jpg -0.03642712120942979 -0.010871148042920793 0.9682950296751563 0.24690001718713947 508.8005761005333 -349.3215663082603 -227.0630432580225
cameraImage_357.jpg -0.04105947692252648 0.6942115568053927 0.6967007561166865 0.17604684086662747 -2.489680258213508 -252.41326512014538 -78.556487962634
cameraImage_355.jpg -0.043263820383613316 0.697445323977056 0.6930983758509472 0.17695452325706426 -4.872176913488582 -274.7265785588022 -87.21796574657252
cameraImage_81.jpg -0.041053913497947195 0.696079964959998 0.7034947396512153 0.13741328120258287 -14.999145035899376 402.4934079251063 106.31740023332141
cameraImage_124.jpg -0.050162452439803946 0.9983112062208417 -0.0003620068569027081 0.029297318139178442 503.13099311556556 438.89527190170503 81.73169879802613
cameraImage_252.jpg -0.44033898108775965 -0.3625757361801234 0.43915012093271266 0.6941092050627331 -314.7744584999725 -527.4081470234215 -39.531415413857864
cameraImage_296.jpg -0.03544287389680221 -0.009233801177824755 0.9735990711126243 0.2253073197532177 512.9261318675321 -479.58246069718825 -267.9549852257758
cameraImage_112.jpg -0.050822652846016045 0.9984884812127346 -0.003282989183481377 0.020664772565879848 507.534684029 292.80584871743656 58.11778780171901
cameraImage_324.jpg -0.0307736660986822 -0.01602782480975826 0.9726798802497199 0.22954289547730497 511.94663997120875 -165.33696847641897 -114.12420786445092
cameraImage_292.jpg 0.5185661981057035 0.810643027817219 0.1548818577458447 0.22351418249123334 -98.87662724534727 -292.9056248802617 433.24984161267923
cameraImage_321.jpg -0.0297003409190965 -0.015848523283151943 0.9727660345890463 0.22933154167915185 512.4886400398183 -199.91356425268515 -128.64427079429333
cameraImage_84.jpg -0.06704598113604843 0.7489618975314843 0.6484227694824092 0.11878057280677244 55.56032096565652 431.0087598822913 123.5012243004282
cameraImage_109.jpg 0.8002279763702987 -0.4919468250014374 -0.15019994242339418 0.3083236684092079 -20.968989962315177 -169.80177676934696 473.17987775075545
cameraImage_237.jpg -0.4399968162074101 -0.5512819446976728 0.6534418448852299 0.27478132129146177 -100.83445327500881 180.46184831243588 -62.804430613195336
cameraImage_155.jpg -0.04067603079713405 0.9990871683413691 0.0011671349812886025 0.012997244713774699 495.8389389134626 814.3573137413356 88.18201352184954
cameraImage_219.jpg 0.9164001633598091 0.34547185894653304 -0.1798783615450278 0.09221556440221175 708.0998343440073 -361.7912852769363 684.2904231642308
cameraImage_250.jpg 0.6585017677371365 -0.6794791194371331 -0.23727711905742266 0.21996162598920188 520.1314969340061 573.2762905700773 161.67327446410133
cameraImage_248.jpg -0.24625167887202223 0.9683478107009871 -0.019297991648184847 -0.035919572403670864 -231.56240155048678 255.38374747815988 125.43913207941316
cameraImage_90.jpg -0.07601473848232557 0.9942583817371301 0.003920524379075069 -0.07521076630057898 498.11199782239055 50.42407247048175 -63.29261184428819
cameraImage_63.jpg -0.045988397866054735 0.6984085709449147 0.7029217961508197 0.12653649192426725 -11.026352403981768 199.16182385943685 47.93557894524643
cameraImage_145.jpg -0.052694957468263415 0.9985465842284376 0.003402350048023461 0.010788169320550803 493.8575072725804 695.8273632805772 91.61174134205832
cameraImage_137.jpg -0.05818811691410104 0.9982256228061114 0.0066537604549666745 0.010745999029869533 491.13475371975824 602.0482571407692 88.11103954251097
cameraImage_365.jpg -0.048368678658581056 0.6938805575995324 0.6963613902484499 0.17683624312179544 -4.278820804136044 -163.16187109771204 -52.839853396612256
cameraImage_224.jpg 0.7081784193395181 0.33846117455104946 0.40970755540242215 0.4648301611873704 61.294937483028356 -129.58742154216804 133.149524109137
cameraImage_381.jpg -0.005921789893807912 0.7003187426254166 0.7016616043912081 0.13110905405487885 -7.5510517759687 -30.124427001183488 -5.663837919986903
cameraImage_202.jpg 0.3035300669163355 -0.002867102061342791 -0.5292825507407896 0.7922886214536076 2709.902910936667 2612.169854344095 7050.919967422192
cameraImage_299.jpg -0.03865798423733268 -0.009005979945492414 0.973793142712719 0.2239450106289816 511.7005942408926 -447.978443712043 -253.84058119708092
cameraImage_62.jpg -0.04253663369102365 0.7013587008557814 0.7009503657988909 0.12229142330730672 -9.756140840375135 188.91405730631854 43.006930823126346
cameraImage_239.jpg 0.8291116590804851 -0.3403378394646444 0.3654593109072891 0.2513632906303411 90.78230213373112 -131.5511108091074 514.1671532548053
cameraImage_317.jpg -0.012946895740488802 -0.014759496011525848 0.9760181008279342 0.21680221867961294 520.8910833588951 -256.1090958814593 -124.6816994261043
cameraImage_334.jpg -0.02743244383506503 0.18911737953236007 0.9591822977880724 0.20844998775256118 436.0131540560257 -252.56742144275344 -96.14544478973909
cameraImage_332.jpg 0.5989012437664747 -0.5680243993509084 -0.26856451647656404 0.4965266180646493 3.7929349376157426 -175.55491451919983 866.6400420384422
cameraImage_358.jpg -0.04722210361097181 0.6941969376871567 0.6984940878325305 0.1672324546830832 -3.000780715133869 -241.381907028627 -73.91606139292945
cameraImage_318.jpg -0.03909876642402902 -0.014857097939601232 0.97526167968188 0.2170603815739086 510.980473570919 -235.3216287686546 -148.38535215853025
cameraImage_123.jpg -0.05151297162924865 0.9983617703957985 -0.005837886979065656 0.02420967248252955 508.2268852377965 422.1151514365443 75.76410385431886
cameraImage_166.jpg -0.04479345561566655 0.9989532762670493 -0.00911077722944793 -0.0017005609696936683 513.6914042973624 937.1638680439297 92.37865822374161
cameraImage_377.jpg -0.011587477799674123 0.7029317252870612 0.7001355063015922 0.12475172447309019 -7.791504782661497 -56.81822935120692 -10.312268284574357
cameraImage_287.jpg -0.4351667698680898 -0.2672912942306724 0.7162066136988763 0.4756399193981243 -304.720586727692 -279.84562290620516 191.19087723515918
cameraImage_213.jpg 0.2622713969527434 -0.6225332736239031 0.6428628698158846 0.3611002190301864 927.1378190882311 39.00406644133238 -187.24719878189765
cameraImage_277.jpg 0.594545662958829 0.6339880512630974 -0.4943458868199096 -0.014026749327765452 -87.43591714425085 26.570736762415905 51.74643216298835
cameraImage_92.jpg -0.047593236388962845 0.9987279083554728 -0.01038428615773354 -0.013023652441667461 507.6862796237493 53.57596597856391 -2.403610548443454
cameraImage_142.jpg -0.054334985241889504 0.9984541736673641 0.0035717797941418284 0.011145171783596454 494.37242912112316 659.4142261401403 90.44861559943232
cameraImage_279.jpg 0.05857716302796165 0.8538467594506469 0.2472199615719956 0.4543090555421116 -9.893275149952808 -77.41896055441134 -197.34052303097354
cameraImage_337.jpg -0.001135122832814484 0.30283603006456916 0.9396989655663743 0.15891791750577505 379.9091547547338 -331.3331123483827 -60.7201374573537
cameraImage_351.jpg -0.058775299827612384 0.6876459433798364 0.7028227485727921 0.17242014027373634 3.597428258746912 -317.73239192094235 -105.51239536116438
cameraImage_212.jpg 0.6891822891689195 0.48636650848520324 0.5364253475691332 -0.026893088426854443 -240.22802690745374 -420.9572394413485 1233.3362435712995
cameraImage_148.jpg -0.04435586474093021 0.9988388806900875 0.004324218568460701 0.018296142178883815 492.3177475088549 732.9942305394511 91.46714955634451
cameraImage_74.jpg -0.03289040083483776 0.6961174916226717 0.7045370740122308 0.1340379451206543 -14.65144750208021 324.6346885883181 78.24613789886997
cameraImage_103.jpg -0.05403665573585144 0.9981983264594864 -0.008964931849938644 0.02449022023771759 513.3425638148092 181.3560278846453 52.5277312264396
cameraImage_203.jpg 0.35811974799673446 0.6857525101437036 -0.2305475200782889 -0.5902046949255118 -167.36705476184528 308.25344179397865 198.45766829527122
cameraImage_354.jpg -0.05641157693632738 0.6904190282186199 0.7004257948420881 0.17188078828374836 0.6157769274620669 -285.2565666982243 -93.45783503932412
cameraImage_361.jpg -0.049419791564940835 0.6941035861905153 0.6965309017288072 0.17499313922551005 -4.241142901782628 -206.20524038378053 -66.55323036635642
cameraImage_156.jpg -0.04623098004473084 0.9988895737270058 0.001070270180434616 0.009009467538344201 495.5397467960891 826.9080970943975 94.06221150211987
cameraImage_83.jpg -0.05520638546135125 0.716506146549216 0.6810604175076244 0.14045605955539012 10.843439833250006 421.8263397110637 124.87880693202858
cameraImage_210.jpg -0.33942924633287613 -0.5837196105156186 0.6803947053256814 0.284819676283379 426.3737766263932 -564.3446414230174 -612.9951797488508
cameraImage_116.jpg -0.04499958725758649 0.9985415244806021 -0.003721643114174515 0.029597472985598956 508.2267202818557 341.1833215291346 68.87855974991955
cameraImage_64.jpg -0.04138802390403382 0.6983635594811801 0.7028448532685679 0.128780753608532 -11.348192589798781 210.99312875325512 49.96879045231908
cameraImage_243.jpg 0.3533543370315208 -0.510336821251313 0.6718907354820124 -0.40405430445617113 3765.866908480059 -2386.4709356404574 8387.814903418599
cameraImage_78.jpg -0.022367920298590756 0.6952957540361681 0.7078843139678075 0.12232452165906221 -15.851263559511777 372.46449503380194 78.29418373316896
cameraImage_255.jpg 0.20296081744454927 0.5342105345207764 -0.46998690590793646 0.6727096845328978 -426.56016399171466 -590.1745744647412 4544.881281087095
cameraImage_288.jpg -0.02258013342039079 -0.009520817079626525 0.977322674836042 0.21033278600393696 519.5528980889572 -579.5030548950982 -279.4576365457973
cameraImage_96.jpg 0.6934709506886081 -0.29591841183379924 0.6569055794438188 0.0023224522344721475 -5.787614948840256 -302.49471666749855 1017.4282128422226
cameraImage_305.jpg -0.025609840064105723 -0.014350688670624478 0.9729278634491908 0.22923692187508207 518.5501634577413 -377.4317037947004 -211.97423394359217
cameraImage_171.jpg -0.03669225975248223 0.9666535793912372 -0.2419112018484723 -0.07558773673416472 904.4164297660835 663.8157969002091 -35.090183616479635
cameraImage_240.jpg 0.7406962649966368 0.024365139685378172 -0.6713603684942607 0.00711608062035332 -8928.187722063458 -3736.9585145652018 18227.859966696684
cameraImage_135.jpg -0.05237699348930715 0.998480116942049 0.005829408369031134 0.01612837941270322 492.2334208590327 577.5423009643913 83.89550849134214
cameraImage_272.jpg 0.502136167665353 -0.5506760251429478 -0.6460156742092852 0.16516335286933162 -61.90484693050774 385.5346945845425 230.84523876099686
cameraImage_204.jpg 0.7212683219759274 -0.2908753283974653 -0.6112778947614019 0.14663862526553195 -28.821564769057936 -298.995294865644 1527.030480653433
cameraImage_341.jpg -0.09243803197349575 0.6751798779630214 0.714550216476564 0.15813073949110315 8.574976120020182 -422.6258693890769 -153.35168203888506
cameraImage_300.jpg -0.039445771633949724 -0.010787867445095497 0.9736271052017218 0.22445024622999665 511.2984024789627 -435.07318428731827 -248.42535457859674
cameraImage_125.jpg -0.04951678902520486 0.9982256071142918 0.004814415939222729 0.032719203919131704 498.14238612838045 457.00013490103447 85.88198890664762
cameraImage_215.jpg -0.4259965397878597 0.6333909644257585 0.24080056037237882 0.5994646982074316 -259.6963664774284 220.7101793260114 854.2783031929944
cameraImage_177.jpg 0.0902438395050621 0.8325478523648416 -0.03257029256083764 0.5455816153396083 404.9069011432889 212.2128065011388 554.7123670417716
cameraImage_343.jpg -0.03771165972750822 0.6651216250698876 0.7271509699947946 0.16565784442826162 27.443722441194883 -409.24625608779 -116.96253924790567
cameraImage_286.jpg 0.5555540371943551 -0.5003476262763148 0.6640866528500189 -0.0009392247701466882 142.23783282646042 285.4885377930045 511.5085439806458
cameraImage_130.jpg -0.05647991425639801 0.9983506160574572 -0.004476389663856347 0.009275162470993215 505.6618586402144 509.06944474158274 74.16340190963501
cameraImage_290.jpg 0.49540772819685097 0.48935197704116534 0.7067124499127627 0.12515326023335765 121.61484773975107 -264.3362671601278 226.9427748443224
cameraImage_217.jpg 0.7126433450958398 -0.6853005302994655 -0.01522500811351445 0.14923419510898517 744.2329546079927 -773.3791532995939 17154.284507799523
cameraImage_330.jpg -0.0654858562777762 0.004628926102271828 0.9736457162601043 0.21841289998316205 496.8066335096539 -121.17108935962074 -109.81415482177181
cameraImage_82.jpg -0.04855195743639139 0.696716167542652 0.6996419500747156 0.15076614676187228 -13.90956846858659 410.2790010550725 121.79705968417395
cameraImage_111.jpg -0.03825691901734328 0.9989796764385993 -0.0007957894367166579 0.023987099222384622 507.676980189305 283.44854991728585 53.90646569643728
cameraImage_117.jpg -0.03958073762011573 0.9987243805559183 -0.004229404471640345 0.031065882096944854 508.56361960577226 351.95100788930785 67.70105866555049
cameraImage_131.jpg -0.04851506889333601 0.9987457467328745 -0.006777696966105104 0.010357813335964071 508.35234169072555 517.8707720074394 68.685772151449
cameraImage_316.jpg -0.022184578344002993 -0.014103147962403204 0.9702393446970294 0.24071676240579676 515.5520093798041 -253.80343789889903 -156.53343737263245
cameraImage_322.jpg -0.03138033262057149 -0.015095636149069789 0.9736109959185526 0.2255416261366449 510.9316404392211 -189.8827566323672 -123.4707743856185
cameraImage_75.jpg -0.023297464647560946 0.6953328035762087 0.7053987615836801 0.13558063124228337 -15.657410284225008 336.7668315699111 77.07799235631666
cameraImage_141.jpg -0.052823756687242755 0.9985580316712851 0.0026814458516661232 0.009182481274718383 495.88470458123027 646.6027249334253 85.17037119029933
cameraImage_183.jpg 0.035831122751425866 -0.5022969286905229 0.1950260812722604 0.841652394812743 730.3274192161 13.604667500801282 1751.5411384272443
cameraImage_298.jpg 0.007484063523903235 0.009753407121298904 0.9717876075011401 0.23553705812441847 412.8742636617709 -466.59782803242865 -214.95480236556514
cameraImage_367.jpg -0.054175943051012504 0.6917597126753775 0.6986942529105685 0.17424066133814956 -4.1377426160777055 -141.98360132540353 -46.32560351509236
cameraImage_366.jpg -0.05618386311464459 0.6898740417192577 0.699885447675888 0.1762882305174501 -2.8875631170757217 -152.17032043887426 -50.800703744360526
cameraImage_216.jpg -0.48924514589736773 0.26491794210530545 -0.4829662672684322 0.6761665888280423 -495.05073632267994 -595.2023123490799 2001.4965915445969
cameraImage_158.jpg -0.044799677132661135 0.9989292695179223 0.0001760696816943267 0.011544367833155184 496.89065175521904 849.4792602642113 96.8759569638543
cameraImage_76.jpg -0.028374818255046504 0.6925691711658319 0.7091601587960975 0.12897550936499486 -18.458163909039026 348.31617606347356 79.12817279946852
cameraImage_339.jpg -0.12854108270823686 0.5266005697508516 0.8250173843877878 0.15973523547485394 162.81648043831692 -403.555557426431 -178.5656831580529
cameraImage_380.jpg -0.0063997231022868825 0.7013805883313571 0.7012369277215716 0.1276365349568244 -7.751193336089122 -36.684104141426545 -6.6306207529304615
cameraImage_107.jpg -0.05481755434697053 0.9980804027988234 -0.0009703368273703246 0.02880284240828302 510.7165792455198 235.81918431258026 62.80373219080865
cameraImage_221.jpg -0.13422175813110493 0.3943446088827728 -0.31552950709055466 0.8525948505852473 -395.31965617570455 113.8546571972586 1054.7787379408926
cameraImage_376.jpg -0.012433999069982207 0.7044097160560909 0.6988911480042869 0.12330251754994605 -7.976288254480222 -63.962191813363226 -11.508978263717413
cameraImage_247.jpg -0.15134223079512318 0.80429707857305 0.26202275167134764 0.5114155024863714 521.8151148449198 399.88617386416155 1112.224771595249
cameraImage_234.jpg 0.13463862839950275 0.8600100289475584 0.18563065037519802 0.4558469606058614 509.2048070491069 396.93742907980703 575.1027528112794
cameraImage_220.jpg -0.16820131817342407 0.9091720937947161 -0.17099010865962183 -0.3404068200994589 618.3912626042197 498.16381120253607 -83.78326356507849
cameraImage_274.jpg 0.42417000526781945 -0.6003296912688774 -0.24721878699143696 0.631321581898318 -61.32827947829086 -194.46390373405035 366.40153247457636
cameraImage_198.jpg -0.1266656427268715 -0.6094232983905677 0.7495635024151283 0.2251968342994968 652.2077215112507 -388.1570743270828 -461.14753683775734
cameraImage_284.jpg -0.2820197909708625 0.5490770088255189 0.5311297612376814 0.5804140355018786 20.149723667194554 8.740092027959463 42.95084280001828
cameraImage_151.jpg -0.04274073803145423 0.9990096881421459 0.0016124894138541406 0.012258555728548361 495.84558139786833 767.7236677636903 86.00994451919593
cameraImage_162.jpg -0.05096364133564387 0.9986203189032191 0.0021539881408909347 0.012471017221286176 492.89639179255386 899.3563040516826 113.79446728163356
cameraImage_309.jpg -0.026524162163513887 -0.016232036480844984 0.9731764407132628 0.22794868951997613 518.8245565022715 -334.6216902829987 -189.60237578082186
cameraImage_195.jpg 0.037403076761483904 -0.6726311687923271 0.7248980214238836 0.14384428787261908 753.1008247531216 -239.23877033275798 -184.0124603886809
cameraImage_95.jpg 0.20793026433750358 0.8116974833289694 -0.29267912159697285 0.46070720909399454 451.9338582327534 -238.75310832048146 776.6084757966632
cameraImage_218.jpg 0.7056750867450813 -0.046043596720782766 0.6855612541410503 -0.17294052725976544 52.904647974771876 -570.8917415383221 3872.112408162835
cameraImage_66.jpg -0.04312722150528018 0.6952262788408096 0.7053799541914394 0.13129959710249872 -13.858854501555998 232.84228432616504 57.28412908024006
cameraImage_182.jpg 0.5013263986338775 0.14742412098391888 0.6558184506772706 0.5448303684048552 2751.3888559982834 -1470.7599843626665 6940.028502067795
cameraImage_184.jpg 0.2817811907167627 -0.657525531593068 0.6967213768285916 -0.05328094341852543 874.4370689013377 -514.6280876556561 269.2550012298524
cameraImage_133.jpg -0.05085044633083119 0.9986715870916536 -0.0017077952658433213 0.008147188418298238 501.5639188045561 547.1057316149694 71.21130141637187
cameraImage_269.jpg 0.5032722178176425 0.5845623191281732 0.18851569009863536 0.6078369883571065 126.62914443184522 -71.6038884761245 -67.56640645703624
cameraImage_113.jpg -0.050648690153524696 0.9985012478313271 -0.003374176255587586 0.020459305941578104 507.37245580589286 307.128484982813 58.12369547790539
cameraImage_126.jpg -0.05994386593034103 0.99818387888042 -0.0003901279546397737 0.005960258445989012 500.5402458431575 465.2852479856604 68.11903845071852
cameraImage_179.jpg 0.07781625590646757 0.22065308300026645 -0.5876203403049433 0.774570321493845 374.75393424949254 19.132489719790613 163.45470040403762
cameraImage_122.jpg -0.04764761343685981 0.9984340806314631 -0.0068322356364700935 0.02850284413149357 509.8311514743443 409.48112448056287 76.27966557953148
cameraImage_190.jpg 0.03460530508506887 -0.6871424723060906 0.7192160740500917 0.09677775798712869 739.4112860218844 -373.74755149837995 -113.06231207250342
cameraImage_312.jpg -0.014243652050608995 -0.01120712557464986 0.9700723079456026 0.24213887765021908 517.6885623129938 -301.99829083450476 -172.92588487337005
cameraImage_275.jpg -0.07689371801116107 0.7413031112711288 -0.17535142822680663 0.6432798224481965 2171.022680786976 -2135.6777271702895 5326.9842586375535
cameraImage_283.jpg 0.5284742984371308 -0.07522000000359685 0.8303798478354083 -0.1597691328125888 309.44787917700233 -14.965416537873608 397.0536974153029
cameraImage_344.jpg -0.02925246175852659 0.6589268973185599 0.7310301380905093 0.17479866897254487 34.685266523399015 -397.38057272729634 -113.37192081155942
cameraImage_308.jpg -0.03383922186567234 -0.014507170514340965 0.9729155051604604 0.22821014194281317 514.8497662578104 -345.8022745376111 -201.8170323623862
cameraImage_85.jpg -0.11563168727937002 0.8483574811410062 0.5161667947315842 0.02215258688132451 212.6343881037073 403.5655386548111 78.12961985642492
cameraImage_303.jpg -0.02244436433074162 -0.012170066004856128 0.9748624713649263 0.2213397883966971 517.4202932516189 -406.1470593859932 -213.1791388570565
cameraImage_86.jpg 0.6154915320379833 -0.7044141965805044 -0.33231210286757484 0.1205797658527675 -242.24072339655453 166.8691949480352 1811.7381975587455
cameraImage_153.jpg -0.04160943657726304 0.9989834071029432 0.0007529948791668898 0.01732743834008184 496.55553308986487 790.5348883627686 91.5701870490997
cameraImage_118.jpg -0.048392369409543834 0.9987300223481328 -0.0043723546480351995 0.013319292708698503 506.749552177 363.8902858338857 56.229244324570146
cameraImage_264.jpg -0.23000293205548664 -0.5047467456903503 0.6702254580579272 0.49307931342931144 -803.8616290157361 95.01538633880203 1199.5584261260135
cameraImage_56.jpg -0.029263640567686478 0.6883215568453994 0.7174478588084601 0.10308076257870073 -14.045547049171335 122.18584699237844 20.860827560879795
cameraImage_146.jpg -0.050732636205325435 0.99852244159738 0.0029792640534210546 0.019242069425245714 494.3090878035263 707.1280880872048 98.86362061599608
cameraImage_267.jpg 0.00622644864512881 -0.009710787140183022 0.9783891679483375 0.20644991642465665 543.4617184967713 -820.9112397655863 -352.01347606396996
cameraImage_134.jpg -0.05497287056669401 0.9983738806658672 0.001041469960997924 0.015049692560133417 498.52286190428754 560.9179361448528 84.4334270599165
cameraImage_233.jpg 0.8032037655863675 -0.4063493512734847 -0.42763781253754446 -0.08288435893219923 -447.98148885098425 -201.617967121338 150.28754307710108
cameraImage_360.jpg -0.05462599580326886 0.691556246498305 0.698344638737515 0.1762972604955812 -2.3000384467963992 -217.02083958571535 -72.06318421748674
cameraImage_289.jpg -0.3682226154831322 0.1530822890987279 0.6229710028285109 0.6729673453042835 -413.9963373648329 -167.52857271426555 780.9986795528015
cameraImage_196.jpg -0.17045853015112405 0.70478806345803 -0.688239176137888 -0.023334770940375105 818.0220858989072 -178.97063868299261 143.97631353315074
cameraImage_77.jpg -0.028202040258740374 0.6922921238554073 0.709316458346114 0.1296395853601029 -18.90958254955427 359.82891689560824 82.0915637275011
cameraImage_104.jpg -0.04604461353769598 0.998356154534391 -0.007046763149459621 0.033394990591142114 513.09290599352 193.04500913517518 60.70102474139927
cameraImage_160.jpg -0.042710433022499376 0.99903312304805 0.0013510601206647244 0.010335018163512668 494.8141769077854 874.6852236783359 94.31246559721635
cameraImage_53.jpg -0.02197530299474268 0.7068220274694751 0.6974967637667971 0.11583597056646301 -7.364709254309453 87.87781479104362 14.989976090603486
cameraImage_345.jpg -0.030017914861364736 0.6606783019255288 0.7345662228133979 0.15170883446204866 32.743396480637756 -389.8970257585574 -97.86594183597583
cameraImage_222.jpg -0.10589555239814288 0.47172864479825805 0.6055165850091403 0.63214546026841 -108.3343823093847 422.7250270428994 1387.0331772252446
cameraImage_235.jpg -0.2456696523754542 0.8119112689319 -0.27249525437967387 -0.45408462826181645 -95.23637777562325 327.12288361398646 320.28471355105864
cameraImage_281.jpg -0.013001608721353138 -0.004458859893623288 0.9800679585371289 0.1981864611621376 519.7623714987155 -670.8524795377531 -290.2854924039142
cameraImage_338.jpg -0.03357668328455733 0.45044900000626126 0.8821796474534603 0.13314418632390806 238.62803132108522 -382.48327445955255 -91.0099075363248
cameraImage_105.jpg -0.04358408531575973 0.9985749781305274 -0.006745852057927493 0.03004886085724549 512.4166093533146 206.1699775855695 57.32224938162789
cameraImage_205.jpg -0.032865982359550135 0.7020411852526075 0.6966578503751745 0.1439647211065835 -850.6049536603288 333.7989145203475 -16.83505774583631
cameraImage_71.jpg -0.03477724957878543 0.6955117911263166 0.7041293398385614 0.13876514005509072 -15.064195976485523 289.786454177739 71.7691126710155
cameraImage_201.jpg -0.18090009679338895 -0.5052555197708403 -0.1572864513083932 0.8290072297369024 1196.4999020450334 1251.7015196865152 3709.844201088647
cameraImage_120.jpg -0.047970958888525345 0.9984158630687476 -0.006462305921098857 0.02868431763500409 509.2607970241013 387.11448176258784 74.20353921758338
cameraImage_352.jpg -0.06502547790349153 0.6869943794112947 0.7009145203778688 0.1803586565823088 3.6020081007341638 -304.9554399425466 -108.0903747959539
cameraImage_115.jpg -0.04860525125473144 0.9982548303860004 -7.818736484770629e-05 0.033538292267459455 506.6771265507758 333.0528297864874 74.7556880828367
cameraImage_136.jpg -0.051855562521935475 0.9985925342603472 0.005022480333155431 0.009936088080003427 493.24280290087125 588.7239005152747 78.3534786092417
cameraImage_140.jpg -0.053005496007097405 0.9985690555943635 0.0025698868928128345 0.00660713884981927 495.9253310745404 635.1003208520983 81.19552719143128
cameraImage_54.jpg -0.028264295585053705 0.6920089512841865 0.7124786126673271 0.1126896953109801 -11.682974249566552 99.04256499271311 17.577192375306765
cameraImage_295.jpg -0.02711236175281207 -0.007121760649438284 0.9744097750825628 0.22302419283339098 514.2734338878126 -494.70283071625516 -263.5418934644454
cameraImage_89.jpg 0.7804009087131267 0.421024627520006 -0.08448955526310384 -0.45450434514183535 364.11782533316165 -410.10295061063334 388.97460995492446
cameraImage_192.jpg 0.31661399965075476 -0.6232564461726292 0.7001133219617216 0.14542459881718592 903.1435197458906 -371.4642565417992 18.2386756849892
