cameraImage_304.jpg -0.00901308139937382 -0.012652043418625823 0.9724751766337862 0.2324881093563865 524.1311102611671 -393.4468714163849 -203.4691898131205
cameraImage_282.jpg 0.6006293300418932 0.4728815413434296 -0.633411804158866 0.12007057134160397 -49.86194207443307 -40.71284975308482 -237.5951175031905
cameraImage_110.jpg -0.04011365652143098 0.9990495336534774 0.003581423080180925 0.016676248857931234 504.90021908558515 275.98886422185205 47.886685946135515
cameraImage_167.jpg -0.039120612917119435 0.9968772207829971 -0.057372529998867834 -0.03760022779831113 603.5538097337908 896.524404929521 42.19523248628005
cameraImage_60.jpg -0.03998824109046398 0.7004520053198139 0.7011305441664238 0.12721591431435264 -9.883190658416364 165.77781846807358 39.4221247531504
cameraImage_311.jpg -0.024460030710810828 -0.01459478078218217 0.9698792554577842 0.2419151278944755 516.5868419098468 -307.71584308344273 -185.7020757442108
cameraImage_176.jpg -0.16423592634883502 -0.5817454037539249 0.7179308275910842 0.3452161243364864 586.4983937013722 -493.6319016216187 -725.5626446012317
cameraImage_108.jpg -0.3430638363156965 -0.4944567285281437 0.6056489356333552 0.5205853576425167 -610.0467586698937 300.17587117528234 2319.0855027220255
cameraImage_207.jpg -0.37195226344192334 0.515803396864404 0.6140418546857375 -0.4674943531184875 -379.31713785169705 264.21090290900736 1029.7386426148446
cameraImage_67.jpg -0.0391591974089563 0.6948215337604879 0.7066723459992581 0.12768629088869954 -14.495232000172367 244.45571505316167 59.097009490915134
cameraImage_227.jpg 0.455368791460926 0.6787479372548504 0.5689113788974839 0.09099639771257396 -28.337604496723653 -127.09325877175978 -24.62353216171803
cameraImage_172.jpg -0.029569530070637975 0.942608039225326 -0.31651740040261256 -0.10213942687111524 993.2614907475148 528.0566978680398 -99.4391081398015
cameraImage_278.jpg -0.18677178798405614 -0.15559886118618535 -0.2329493498521747 0.9416155765567233 305.496777016972 81.54767648680195 503.9478344309864
cameraImage_191.jpg 0.04601380875521921 -0.6722857121223038 0.6948773653795854 0.2511176970330262 676.5619896460684 -257.71213808926797 -339.2144060845375
cameraImage_261.jpg 0.7670538393852379 0.46303530123311204 -0.3222389673945033 0.30559575453342175 885.6909049295049 271.24461375524163 1516.5507911794198
cameraImage_302.jpg -0.02536523143841366 -0.00918937428788057 0.9713990188169965 0.23591546510487593 514.3822078699567 -412.17607393526197 -233.70612480938527
cameraImage_100.jpg -0.050105727041951216 0.9986978312589375 -0.007318742494285309 0.006204350457051752 511.47089240083096 146.67420360516397 29.478399507278517
cameraImage_163.jpg -0.05271624716086067 0.9985951607695727 -0.00014905311364357208 0.00535536703100355 496.2580483593907 908.669166909674 111.75143077941205
cameraImage_266.jpg -0.36107336691134967 0.8430830281750864 0.009131576770924178 0.398439011162443 270.0505914213095 744.8479120339803 1233.8437429640096
cameraImage_314.jpg -0.020110375391663524 -0.012850507252083197 0.9710448768995555 0.2377020915181368 516.0880161294212 -278.6997971596668 -162.69147687408775
cameraImage_186.jpg 0.21303753929503236 -0.6867785864452334 0.6931583021678518 -0.049817147521583775 911.0873642691272 -446.99447405385826 251.13784295936938
cameraImage_150.jpg -0.04060342217630218 0.9991387143860935 0.0012919558174914255 0.008457090081311234 495.8807977098542 754.0127468054709 79.11086992557773
cameraImage_369.jpg -0.05360087730177121 0.6842426005367006 0.7076472863772264 0.16785210051173355 -1.7631454718157071 -121.55164641908365 -36.26558796838178
cameraImage_368.jpg -0.05963042501277173 0.6875391956280538 0.7027389947600264 0.17289294991870832 -2.800162950260122 -131.8804637562953 -41.84133323464989
cameraImage_230.jpg 0.516637967619133 0.11174968647515476 -0.8342317350450822 -0.15701792964737254 -121.54847855293063 -45.032612411686216 -23.409683073569266
cameraImage_121.jpg -0.0546775136347885 0.9983217814447606 -0.004376199986230068 0.01856984300841687 506.79867075689316 400.033510193897 71.29293969044006
cameraImage_373.jpg -0.009477298639310157 0.6950404730034766 0.709605679627716 0.11527662875749106 -5.775300547336218 -87.11113578498072 -12.74834113357318
cameraImage_57.jpg -0.032842724020532565 0.6936158660302709 0.7127684322923693 0.09889159619232657 -12.394670548671312 133.0186703695183 24.52547314403187
cameraImage_119.jpg -0.06375965423630892 0.9978511573903296 -0.0066961961320488594 0.013525351892224603 508.1063313299037 372.90497809048134 69.87136799156866
cameraImage_193.jpg -0.15246768133209604 0.7056940253421905 -0.686060442618232 -0.08983661736745256 961.5205440075933 -279.5931961483973 3.807239066231083
cameraImage_325.jpg -0.03922954597053069 -0.015546309636246078 0.9698944741166898 0.23984174794549493 507.8358682832036 -151.3801594880688 -119.17077487605385
cameraImage_94.jpg -0.3675746530044125 0.5549617918835953 0.3953930246746579 0.6329065018283988 65.41270876872487 -5.221614923194812 1268.9300624945447
cameraImage_98.jpg -0.057896091790485965 0.9980591179060685 -0.006459360023107642 0.02200718946252842 511.20116836941236 124.60136525691183 45.58353486110393
cameraImage_174.jpg -0.015736435265125668 0.8121964476105584 -0.5538367800391469 -0.18263109310795272 1096.026560413119 -16.421368416416836 -320.55585450912236
cameraImage_80.jpg -0.027605394118897942 0.6939919115916251 0.7077721691917858 0.12911903569379862 -17.518772676447714 393.4858473709129 92.01298564741758
cameraImage_348.jpg -0.033914898736176965 0.6745615033794795 0.7198876508411471 0.1599322605622359 18.445964816343047 -356.9065510527877 -94.92204358323784
cameraImage_301.jpg -0.025825240344854523 -0.010589911512914435 0.9753359786616466 0.21895350982207695 516.4547870732123 -429.83924330527 -223.89382792032478
cameraImage_91.jpg -0.06577353490245229 0.9970618990112067 -0.010001710107914504 -0.037965476969475935 504.9400872773913 43.84859895778684 -25.313532489733838
cameraImage_129.jpg -0.053055754881449285 0.9985677418841614 -0.0053116246250419176 0.004397543196959116 504.1983041681365 495.3716798762435 65.056199349272
cameraImage_226.jpg -0.46924306694364226 0.7754256861721464 0.09967778214321607 -0.41059747819097764 -2962.6295541986656 -1141.8743919896456 6832.324483635503
cameraImage_326.jpg -0.04007171128068963 -0.014901874656281053 0.9721269573365062 0.23052412217907398 508.2758637234563 -143.83831962374768 -110.36525689733551
cameraImage_143.jpg -0.050992136551786166 0.9986306948331883 0.004848017163363579 0.010631748513325186 491.1585501865628 672.9015873740789 87.78201101157023
cameraImage_273.jpg 0.5933206643885346 0.4795010125899548 -0.49076033666580693 0.4209556509781279 -14.52052363671046 -124.97304224458688 -39.83793684560852
cameraImage_232.jpg -0.18747132466256666 -0.06935625334595581 -0.3696690870485741 0.9074078347864031 -82.94267705261743 112.30998064484245 655.1176545876906
cameraImage_259.jpg 0.21864771984282724 -0.12417528376253531 0.8053727158380332 0.5367946181675978 615.6600178249583 1514.0098248804888 5689.9939677021885
cameraImage_251.jpg 0.36350368258644894 0.8527878247375019 -0.17982109600324708 0.3290628696127243 458.15558813446944 -142.96428776290878 730.013208143996
cameraImage_69.jpg -0.03696006688497881 0.6972321248890936 0.7007362584383476 0.1465264944927091 -12.843070954738431 265.6528376350151 70.97904103332687
cameraImage_165.jpg -0.04371871060915033 0.9990327052052879 0.0006050511172535476 0.004686383042781461 494.4417893704287 934.0787526044932 97.24813752744369
cameraImage_161.jpg -0.04766750587315457 0.9988229510670662 0.0020257569258701506 0.008741716901593356 492.2397585619869 886.9771661777744 103.77565728403745
cameraImage_346.jpg -0.03630554750418194 0.6561888085891059 0.7356395918223224 0.16411138183050755 36.993078175658304 -376.6593493366327 -103.0371921278053
cameraImage_353.jpg -0.06105701772389907 0.6868933852479514 0.7020840182523583 0.17755998762079048 3.7526723019184414 -295.40492136584714 -99.83789582779774
cameraImage_329.jpg -0.03185605504947767 -0.01981919702747428 0.9715191095009234 0.23397224420944573 509.97900794960816 -107.86498858819283 -85.80697160097101
cameraImage_154.jpg -0.04716931687886798 0.9987734771611644 0.0018133683681994773 0.014943512295931256 494.64768901538196 802.2706016154863 100.95108694879362
cameraImage_211.jpg 0.4323049409038648 -0.5922380570419137 0.6684013292321271 -0.12492471709814242 741.8732605300711 -371.9684211735706 630.8017877100247
cameraImage_271.jpg -0.30967768083102054 0.6700507658951641 -0.6641235885408917 -0.11862362438398637 49.39295479665343 279.51248454845506 398.1672607759523
cameraImage_194.jpg 0.46118699710118116 -0.5916862539238096 0.6482781086181277 0.13018995548392936 882.8046938135772 -283.37502121728784 310.7079686087582
cameraImage_335.jpg -0.03683265597302281 0.20254049163341928 0.9587821031620792 0.19585092126146766 425.87356635608995 -255.26449602107866 -92.90591792480825
cameraImage_208.jpg 0.4070359321020346 -0.4418591963375825 0.5806610435836045 0.5494678817311638 824.4582907548966 43.52019774162167 -452.4131247324339
cameraImage_152.jpg -0.043863971904583104 0.9989791374406364 -0.00015985918189274716 0.010798581951277813 497.76063749427004 776.573361908641 88.54529804842002
cameraImage_175.jpg 0.4086602029108595 0.72592297645722 -0.33606274225254695 0.4394251973636055 282.0619069654933 -173.70800899697556 896.0457488995955
cameraImage_189.jpg 0.2494986864846822 0.6457702199144701 -0.6392750174262327 -0.33475167006114487 396.7076895631336 -327.5104866833151 -567.9007269306711
cameraImage_139.jpg -0.04919929830601946 0.998686861850158 0.005616762788779325 0.013131374256061541 491.37678037980044 625.4919689594337 83.08494959594061
cameraImage_347.jpg -0.04095155454047763 0.6646976533729947 0.7263094734117785 0.17021911941217832 27.850779493607007 -364.7844090901889 -106.33474699745864
cameraImage_228.jpg 0.29944867702928624 0.7177963189180084 -0.45494929039341314 -0.4337281147720271 -175.2307257176029 298.49905804811607 66.99173401019092
cameraImage_242.jpg 0.5946888286123092 -0.4837434195640054 -0.15828962998426474 0.622319768440379 3640.8873154643316 -1890.450786759995 7940.891292408832
cameraImage_363.jpg -0.04853678284122083 0.6889261106252575 0.6982193016338938 0.1884537121843397 -1.1370747706937314 -183.7163380881533 -61.33816030646872
cameraImage_342.jpg -0.05885958713826488 0.6725648838708957 0.7205587593256441 0.158073085453314 17.328794696340168 -419.053179909421 -127.78560049471139
cameraImage_170.jpg -0.03760179727003452 0.978149932889613 -0.1920568832109851 -0.07016385993794076 831.2764399414458 739.274823413682 -16.84059940562385
cameraImage_323.jpg -0.03942546980272469 -0.015104976240098272 0.972075643997513 0.23083850279024162 508.1893441199256 -175.9381189720691 -126.671698178869
cameraImage_173.jpg -0.04058467888921144 0.887902206523556 -0.43318997805096976 -0.14942890753218113 1086.0298182164352 283.8782604762664 -192.39841417588576
cameraImage_164.jpg -0.04610950845559469 0.9989323092500912 -0.001195337524764544 0.002593440661599263 497.9001134391982 920.101515241816 98.2903029601151
cameraImage_320.jpg -0.041680191859138405 -0.016665864596168745 0.9723833257097059 0.22903204676546707 507.8434219107274 -206.77401930217616 -143.78185272020664
cameraImage_231.jpg -0.09120296208878545 -0.13651271746014412 0.9181050788287801 0.36073447562809513 244.05615780079057 -109.10582387054366 -293.78058097884315
cameraImage_59.jpg -0.035432955415771746 0.6938157083329339 0.7094704096667986 0.1183892155063047 -12.892733646413529 154.82958332108066 33.56613010740552
cameraImage_157.jpg -0.038797595212690716 0.9991946219156824 0.0019191605481824736 0.01005837776573824 493.28181049350695 839.9417152677114 85.16916632081539
cameraImage_51.jpg -0.02653583665696981 0.708261372832971 0.6943428662574186 0.12469828067419927 -6.7436096098725535 64.41825508284654 13.068709689965642
cameraImage_297.jpg 0.5627853596162758 -0.06338494576112903 0.7906903000915416 0.232516315542771 -24.97341411455203 -204.8257104061401 -602.8814818216829
cameraImage_169.jpg -0.04164170673257545 0.9875498450043303 -0.13909853690728705 -0.06052164011799964 747.2190331446833 810.9492502246541 10.932431563001149
cameraImage_249.jpg -0.02333779589809916 0.996202212996592 0.07976195652349204 0.025971684482457603 -250.30143495363168 185.77690171197963 -0.14858490477859496
cameraImage_101.jpg -0.029402814790831955 0.9994856881133769 -0.0037780324736826874 0.012229481163707557 508.10819342253615 162.83060506093997 29.093929303425316
cameraImage_144.jpg -0.051111937233765385 0.9985960963722026 0.005239604376540316 0.012882264101794104 490.47535184099337 684.7626219306114 91.52033728067228
cameraImage_199.jpg -0.21389573533541054 -0.5595043134880733 0.7649110594726104 -0.23688522260802322 782.9460439757299 -365.008013431909 290.7724303248507
cameraImage_197.jpg -0.0897387925801359 -0.6832068920139379 0.7026507066275522 0.17736199222695986 689.0253102011073 -186.89806557667222 -272.22105563992915
cameraImage_225.jpg 0.5892049687407436 -0.6477145856726164 0.17749535124054822 0.44922012488997454 -12112.916566794258 -7683.971404053055 25969.74406497994
cameraImage_147.jpg -0.052462604846855 0.9985901250958646 0.003886607200254509 0.007094465320144003 492.0556686240525 719.9626373004356 91.47449066200375
cameraImage_114.jpg -0.04946077890724135 0.9983800095711922 0.0008925276348880139 0.028110340320541275 505.12845248682555 322.0020385756341 69.40857213058648
cameraImage_187.jpg 0.10574327954444909 0.6768017931334727 -0.5918112143290251 -0.42487313193105825 551.2151734824333 -93.05439816504438 -714.457289638788
cameraImage_65.jpg -0.04105210563765826 0.697032184198398 0.7026334464773468 0.13699306079393742 -12.468717477470383 220.58087757316522 56.911052242247045
cameraImage_149.jpg -0.04237605205843103 0.9990414644314365 0.001861349765302424 0.010814709227857123 494.8555716210468 742.9796003130091 83.0596080597479
cameraImage_236.jpg 0.7482623189984828 0.5640498645566687 0.1720619331098674 -0.3038847535417198 -314.41758864613786 -56.98800026593656 134.80832348847053
cameraImage_327.jpg -0.03395631168164752 -0.015696945344840646 0.9721931950569785 0.2311730224068637 508.9636632132175 -133.025772456201 -98.97261393433672
cameraImage_333.jpg 0.718660802063118 -0.5370769975894787 -0.43716316909380565 -0.06295485546110054 89.7978237090761 193.2228150712444 336.33967562520087
cameraImage_238.jpg 0.6665477173977478 0.5149824782596758 0.5013407032380653 -0.19790069932705442 -5595.711057945289 5178.495955314072 14008.137274067534
cameraImage_258.jpg 0.5553484686835641 0.5221946400797881 -0.6347538120925132 -0.1264453804485692 -611.3284396265756 -2650.430072397067 4415.489456410431
cameraImage_132.jpg -0.05006908710758968 0.9986941396439316 -0.006146630293175866 0.008082134193391467 506.90278300734394 529.5602674680852 70.34184703120096
cameraImage_379.jpg -0.009767144195630418 0.7004149929350888 0.7016658155302837 0.13034003177160167 -7.208850863015768 -44.019247437813156 -6.845885976189686
cameraImage_102.jpg -0.055838751373020516 0.9983402497206613 -0.002326643722430317 0.0139056233868919 509.21684799810765 175.16014772496382 41.820886867206085
cameraImage_188.jpg 0.2774613854011521 0.15735494088194885 0.5678381687137277 0.758824364621453 -7654.377783828597 -17227.932153452508 47053.64887857981
cameraImage_374.jpg -0.013605226511553568 0.7010143416523512 0.7030655684710777 0.11871224469164952 -7.137406266180183 -79.40002913475524 -12.393992071639751
cameraImage_127.jpg -0.060856935303192125 0.9980886326240777 -0.004007845400318774 0.009972563729973018 503.15262436523085 471.5172861595511 75.6773682247963
cameraImage_280.jpg 0.6038447849023908 0.6004375652556537 -0.3274525787953763 0.40941545478438646 -65.25041589512315 -132.68685393996805 -260.4135153984407
cameraImage_244.jpg 0.6647278354586563 -0.5340724163381496 -0.4989391200193511 -0.15480088303202702 30.638303802688817 263.9259982252741 870.7762561146575
cameraImage_256.jpg 0.7189911263181341 -0.6543246398345632 -0.23396188528565665 0.013147707584637612 -1389.155915743775 -273.3420009343539 20437.65382532543
cameraImage_97.jpg -0.07542708473581816 0.9970199689763121 -0.013001003165313824 0.009638997220892962 513.531093380369 111.87496497005523 36.530331794479274
cameraImage_159.jpg -0.041569842863672456 0.9990696211666191 0.0012346743741388883 0.011415594836362482 494.0796883499591 862.2544018837384 93.44589547984953
cameraImage_362.jpg -0.05377836300308185 0.6940845086711939 0.6924865001085995 0.18925387621583595 -4.283906692813484 -193.69182701095335 -66.81578847080938
cameraImage_364.jpg -0.05590531427758371 0.6908480831674478 0.7011100708151632 0.1674759398270221 -2.9683394193095363 -174.59213887313228 -53.877020567821724
cameraImage_370.jpg -0.015441507857847066 0.6999475153064757 0.699277855150481 0.14437976640620742 -6.900533151292542 -112.9618420951006 -23.643279051093582
cameraImage_87.jpg -0.1083316573235087 0.956086738165971 0.2640662871020593 -0.06656873996726155 405.02673458992285 259.1586792660151 -23.513961637567505
cameraImage_79.jpg -0.021843413191816933 0.6957228001189293 0.705357387740177 0.13402837854410193 -15.196000456269832 382.125064398334 88.4681934218465
cameraImage_52.jpg -0.021713831894320287 0.7101100709430901 0.6927835432160497 0.12378674766985924 -6.3962828790008155 76.0704613200513 14.859958034489381
cameraImage_253.jpg -0.35946055404844274 -0.3052433956954424 0.675169662259056 -0.5672393733094476 -2974.415435234262 -6990.173810726217 17060.56872934039
cameraImage_61.jpg -0.040771341373323076 0.702810473796049 0.6991006445529492 0.12511364606167022 -8.841780931858674 176.98878205189916 42.0152778579123
cameraImage_349.jpg -0.04209623185546041 0.6890777965342907 0.7019068438211626 0.17528970358818072 3.823183731348352 -342.31387949913545 -104.81926364154532
cameraImage_209.jpg 0.12134592585595894 -0.6228534048414514 0.7720006974630319 -0.03665686118810757 895.0433453419511 -393.766887490609 186.30457288361032
cameraImage_168.jpg -0.04460765153791244 0.9945983244814094 -0.08548148560664087 -0.03843495780571077 654.9183679830265 873.2687081778172 49.329887692764046
cameraImage_291.jpg -0.010113593028043481 -0.007896353286517438 0.9722442535865409 0.23361608294119515 521.3080516249427 -537.6342191726383 -277.89527482801344
cameraImage_58.jpg -0.029981515974093386 0.692573262524052 0.7117820306289822 0.11318005835997759 -12.834556420818 143.95625406440595 28.697546104381924
cameraImage_359.jpg -0.04624903068489623 0.6929883769132166 0.6991772239084462 0.16964476470428325 -2.135716999171232 -230.54562761275494 -69.43096890084767
cameraImage_371.jpg 0.0029936601461297593 0.7008112798966153 0.7026211066913023 0.123199709417219 -7.043112148211962 -103.7898136173516 -15.447451875528245
cameraImage_306.jpg -0.02301295728276484 -0.01656204887911417 0.9715703839770893 0.23504699809322815 521.8357154503628 -365.92009692077437 -205.37327561026
cameraImage_245.jpg 0.7631189971039153 -0.221781532094743 -0.4424821511095002 -0.4155380779547558 880.0838738331598 -666.5697615066076 2370.165428317301
cameraImage_294.jpg -0.019841633086058543 0.7213703047147367 0.6217779085100685 0.30434096924517284 -56.80932417855952 -20.263765556640458 -7.020052443737153
cameraImage_180.jpg 0.3588832966035204 0.6293021397267227 -0.4893413722926252 0.4855168562646707 985.6496825346109 -17.03893601061545 511.5123360112582
cameraImage_99.jpg -0.04615567948358216 0.9987368585986859 -0.0007748403497187323 0.019842886641560198 509.08552467516984 141.9804761511905 41.31475280818085
cameraImage_128.jpg -0.04990925963804417 0.9987083997541429 -0.007706938255742665 0.005585800356600421 507.6264207288391 481.42406369398935 62.1462845472767
cameraImage_276.jpg 0.6943766795221973 0.6639877814789329 0.20636345185012897 -0.18540598351432058 -322.9812054829452 -67.27143908630839 314.04831545025996
cameraImage_200.jpg 0.5129320467742849 0.6867499929686038 -0.17024462792478456 0.4860986825864852 6952.525065347513 3927.466593091736 17193.6265985113
cameraImage_229.jpg -0.3100100769888885 -0.5330879755895274 0.11721980630989491 0.7784410571493988 -111.33008134664102 757.5004839561643 265.282538420087
cameraImage_293.jpg -0.201121602575086 0.66131229471659 0.49333793015747496 0.5280471915484881 -19.706893482790775 62.79203277810971 87.01886588197779
cameraImage_257.jpg 0.48024770111236964 0.8641407435245003 0.11602092138319398 -0.09571868552483448 656.9155982456973 5.298869660919975 -107.01094739402247
cameraImage_336.jpg -0.01603738125907446 0.2502957318621692 0.9536562014142386 0.1662368747242857 403.7294438292113 -294.74454747020957 -69.83227342891884
cameraImage_313.jpg -0.018526352151480376 -0.011196869507271506 0.9705865021454544 0.2397774931936859 516.4049609641411 -290.362460845802 -169.15891314024236
cameraImage_315.jpg -0.027337207578528477 -0.01381427246907183 0.9697611644196972 0.24212626239487528 514.2061587303441 -265.37771452227355 -165.41411903920857
cameraImage_263.jpg 0.6639417997549324 -0.07345247845874235 0.5748616281391669 -0.47256759139792487 -1349.5302797313564 -790.4292359077904 2437.202705908429
cameraImage_55.jpg -0.028154297508112287 0.6874279469543737 0.7171364717803961 0.11119997356242642 -13.416801748795 109.55319714770953 20.965559970963763
cameraImage_265.jpg 0.3029981528942926 -0.5059047077421186 0.6718831600681305 0.448135654957147 1061.7623016045497 126.00275652511515 321.5349656522263
cameraImage_372.jpg 0.003149425462297301 0.6883597975250652 0.7176858525933925 0.10525154278110926 -3.7993495311776435 -95.61153239715162 -11.009391675281563
cameraImage_340.jpg -0.14053150971951117 0.6608964277276723 0.7259045727835172 0.1285665501004677 13.827942321940721 -429.6344413219799 -166.16109921374405
cameraImage_268.jpg 0.6540338154241705 0.6216534545033827 -0.3688703957503218 0.22298291845949617 -583.9695713713585 -604.1579753177841 1162.6068672530569
cameraImage_262.jpg -0.16031795253655118 -0.33173811458318564 0.7770091645668553 -0.51039664537142 277.294790062423 -400.73502272361475 835.5679278136002
cameraImage_356.jpg -0.04185165266462578 0.6973741926164323 0.6927882790651403 0.17877940326497418 -4.724789240620734 -263.6665631262461 -82.21507962720516
cameraImage_181.jpg 0.6241157404152069 -0.6043347196584937 -0.04071447779093335 -0.493559946186357 -309.0937838601737 92.58066929465951 1203.0308841425785
cameraImage_375.jpg -0.01440167042983634 0.7036522113371662 0.6993413485968154 0.12485125354570013 -7.6740671773849245 -71.99321766834608 -11.78768240611427
cameraImage_378.jpg -0.011128734462188703 0.7009649221610245 0.7016522517829425 0.1273123982060872 -7.193642118022256 -50.60420904911136 -7.9076813122385765
cameraImage_260.jpg -0.3851455437461272 0.32868092011135575 0.7323912243690729 0.45523055406510554 -716.5859431495473 716.5428816310788 2575.345520483732
cameraImage_319.jpg -0.025059293383581323 -0.014848346439142021 0.9739508252305459 0.22488074274129655 514.2069582667349 -224.3222959962393 -132.6403161903307
cameraImage_331.jpg -0.11781805615818851 0.04732582527893203 0.964795033711211 0.2303252370691431 460.8557889146063 -132.94883589755062 -164.9974868052643
cameraImage_68.jpg -0.03668058298194941 0.6944935300287118 0.7039683327114622 0.14408975716478295 -14.760252854899194 254.81790879625467 66.64774913979534
cameraImage_241.jpg -0.42401863464632833 0.3684808905030708 0.8077940561319582 -0.17860233392821567 -453.8933854645215 487.2643167924814 530.4086146846524
cameraImage_185.jpg -0.12928938074765986 0.7202713964819527 -0.6768479459501835 0.07981371748541546 867.2137454777866 -315.60588107916976 281.2989732348243
cameraImage_88.jpg -0.10342878928454137 0.9760720079962039 0.18626968906824226 -0.04346865178278285 451.9178765002987 199.33337687604157 -11.632700859189383
cameraImage_214.jpg -0.3846164793957805 -0.631537463406654 0.6691981757026021 -0.07351460893859539 -43.8022826686563 353.7075338672961 -170.83478011490777
cameraImage_223.jpg 0.22574191160506607 -0.2181489895042179 -0.5314516196895541 0.7867723836361623 268.68209956283334 -45.31548184296177 717.6375438248677
cameraImage_246.jpg 0.8397607546571416 0.0934668109908749 -0.5205005900850292 0.12306488492661312 207.62631366232438 -71.37992496081799 661.8701455136203
cameraImage_70.jpg -0.03879352909612684 0.6954656365603892 0.7036058844102104 0.1405751396486827 -14.420698948541265 277.25805456228034 72.54256856038654
cameraImage_328.jpg -0.034065198834215105 -0.014868915937897598 0.971639553203583 0.23352742069735347 508.485657209679 -122.95935050931539 -94.53722448329609
cameraImage_178.jpg 0.7277384403511636 -0.19229298960861607 -0.6305154318140687 0.18939498099726762 2858.4937880122848 -9158.414435331455 25476.60392631355
cameraImage_73.jpg -0.02762536393039151 0.6955025673080651 0.7045134957739436 0.13846931937429718 -14.628379481047324 312.221958069097 75.95785107132808
cameraImage_310.jpg -0.023922489294708686 -0.011126388158828689 0.9717849900096867 0.234388248818828 514.5397472985342 -324.06870262123243 -186.9445383729271
cameraImage_270.jpg -0.4064557526208525 -0.517193918537315 0.5902763770645271 -0.46784395953032265 88.12216906911083 -106.22704936128638 12.183733084881533
cameraImage_138.jpg -0.054940386308343685 0.9984143411945511 0.008554242048032507 0.008785339624828083 486.9742602316162 615.7051753108358 84.3255386340159
cameraImage_206.jpg -0.13284124450761386 0.6660706476002577 0.6240601574954028 -0.3863314845956192 -720.937621941858 412.758762835017 493.1999423564652
cameraImage_72.jpg -0.029180540220599363 0.6959495009378758 0.7039036796959869 0.13900502842417123 -14.454512366562554 300.54801854705613 73.95239081864783
cameraImage_285.jpg -0.40013617012108504 0.6480849083114393 -0.11712486072855523 -0.6373058637570341 -217.8434306132591 -380.5564786848507 1451.4781023031073
cameraImage_254.jpg 0.8034642276054119 0.10547357740910128 -0.5345807067090875 0.23988336216040088 110.44246824738212 108.61872506209514 922.8811144325457
cameraImage_350.jpg -0.06370312955251871 0.6912094678499714 0.7002187074371213 0.16692856135144252 0.32204642566349356 -329.4589948329711 -107.47867053586268
cameraImage_106.jpg -0.05294449435350811 0.9983447132884877 -0.0011289120388420087 0.0224374580598568 509.3921915000199 226.13098744402612 55.072266907521275
cameraImage_93.jpg -0.04549025550116138 0.9989013906055998 -0.0027780349267198597 0.010905550081640725 510.3072723905051 68.05622215521176 26.713881921567282
cameraImage_307.jpg -0.024786999919605934 -0.014806105226531372 0.9692919498505393 0.2442119977354625 519.2400430211524 -350.76578861914464 -210.03095159683164
cameraImage_357.jpg -0.04095338402797936 0.69406468109738 0.6962302791215662 0.178494922124286 -2.195782789393681 -252.41537794797333 -77.94950219120172
cameraImage_355.jpg -0.04226269733671473 0.6974068641662703 0.692745761727165 0.1787200040192616 -4.544245094283677 -275.19843072592863 -86.0603671198394
cameraImage_81.jpg -0.04029770520728168 0.6959407395597477 0.7032816449475113 0.13941847028274817 -14.979609603799181 401.8002430866758 108.4000096799485
cameraImage_124.jpg -0.051308470983017676 0.9983865651376932 0.00039432071320569766 0.02432183934490386 501.56237424092274 439.4502623442888 78.70390289399246
cameraImage_252.jpg -0.43856486193552063 -0.3648024506332721 0.4397282565082201 0.6936995706468887 -314.69276178978225 -527.3142640244649 -41.848106441706186
cameraImage_296.jpg -0.03040059307729909 -0.010003203372456028 0.9742723776263544 0.22308983405150512 516.6063687765704 -482.47077400858694 -259.09011403263884
cameraImage_112.jpg -0.05093666030537034 0.9985444891917374 -0.003104895800205615 0.01745621275695136 506.70649111172196 292.5143434458677 56.02640152279268
cameraImage_324.jpg -0.031734761093669656 -0.017976296026186778 0.9730060420144634 0.22787935387580796 512.2773052821618 -164.94008092636219 -112.06773094117791
cameraImage_292.jpg 0.5201186262720511 0.8108870338302989 0.15142367651728977 0.2213813523329394 -101.58885489746581 -298.3883598448233 443.69868703150524
cameraImage_321.jpg -0.031539293563510255 -0.017691382704143534 0.9720158720678854 0.23211512744248197 512.2207959858816 -197.19257712833388 -129.55706262914242
cameraImage_84.jpg -0.06637975062365553 0.7486805193376385 0.6483849848580142 0.12111201460688258 55.38042726915848 430.2815511145025 126.003292399469
cameraImage_109.jpg 0.8004144915306406 -0.492575813130569 -0.15264409419650538 0.30562311851925383 -23.937475083053638 -170.92282725906543 474.2146156952192
cameraImage_237.jpg -0.43862930900385955 -0.5531233562551753 0.6514312315424411 0.278022000242617 -101.97560036037481 181.6881654209997 -59.11815553082681
cameraImage_155.jpg -0.04630719451637983 0.9987946077802848 0.0018455243137244024 0.0161731025179914 494.76491090592157 814.7540076233537 102.07605671479263
cameraImage_219.jpg 0.9152964022117457 0.3475959169699383 -0.18154084990511973 0.0919374484080823 706.3721957873556 -365.7692533790955 691.1656876308874
cameraImage_250.jpg 0.6617155877441387 -0.6755078448627602 -0.2395289456149393 0.22010796595737553 517.738808081779 574.301530218958 169.19806501295804
cameraImage_248.jpg -0.24790557435115146 0.9679963096811868 -0.019054735818838302 -0.034101139161396635 -231.7662880144779 254.88100579759183 126.51534984837879
cameraImage_90.jpg -0.07627283918040509 0.9940907310767509 0.0040935832110101725 -0.07713180256641432 497.0918404071709 50.120644166870356 -63.94015494786961
cameraImage_63.jpg -0.04549957394758108 0.6983320101341314 0.7028224735240972 0.12768227403238958 -11.053672003280075 198.53344455267728 49.60361822447884
cameraImage_145.jpg -0.05224568496046792 0.9986012626691084 0.0034189136694319122 0.007363262048551461 493.1164379778188 695.3031892263361 88.68759730866195
cameraImage_137.jpg -0.059577321339495996 0.9981861470166896 0.006341071253549529 0.0058948707656552805 490.4962011395078 601.4896696510963 85.97884242418395
cameraImage_365.jpg -0.04842434680663123 0.693708540876974 0.6960455314513194 0.17872929557669323 -4.131184509523047 -163.39936432404022 -51.804367384570654
cameraImage_224.jpg 0.5823641654610183 -0.17077070719047052 -0.7878699286918974 -0.10464377580908835 -1329.816637803864 -927.894787276336 2466.2714261651404
cameraImage_381.jpg -0.004884248489862024 0.7002417450917321 0.7014161300232907 0.1328648000439775 -7.3053458077838425 -30.71277650464491 -4.350097868986604
cameraImage_202.jpg 0.3026685807783614 -0.00560893823715384 -0.5330358784589376 0.7900841868414866 2695.7296591758113 2581.5031822336227 7152.859904387781
cameraImage_299.jpg -0.037208412157964145 -0.009522262667915744 0.9736433407845659 0.2248188282244985 512.682201658583 -447.8897619008494 -251.688610003938
cameraImage_62.jpg -0.041706386967719014 0.7012368554399931 0.7008137657245684 0.12404642529987905 -9.632309486508701 188.33011119397204 44.70526630099019
cameraImage_239.jpg 0.8293591986077752 -0.33711650846556257 0.36761750558556416 0.2517402411052022 91.74471690809807 -134.16416327915817 514.9177028070816
cameraImage_317.jpg -0.010141985510830948 -0.014948297377443022 0.9756543821890082 0.21856855915432735 521.8178956683122 -256.2985905298469 -121.3272557820905
cameraImage_334.jpg -0.024026701152473906 0.18837583769595775 0.960091499168783 0.20533283864962945 437.24984365055434 -254.86301183715875 -90.28803328270241
cameraImage_332.jpg 0.5991827689968728 -0.5677119802614286 -0.2722479873938382 0.4945342760263354 0.8641705511772386 -180.46680195328685 870.3265861928365
cameraImage_358.jpg -0.046742621590198 0.693985811180988 0.6983931097731909 0.1686590804779678 -2.762653416378327 -241.8380199277755 -72.74850464354114
cameraImage_318.jpg -0.037299050409829226 -0.0154220037368334 0.9744030968680385 0.22115503035934306 511.51880529498607 -233.64706423642596 -147.6599908516558
cameraImage_123.jpg -0.049484181904820006 0.9985332291906754 -0.006051081291414006 0.0211208512720878 507.69350090834297 421.11075986894593 72.23854843767084
cameraImage_166.jpg -0.04386818041592474 0.9989615601434275 -0.009422152423086602 -0.007912467789600048 513.0825599996225 936.3804489740395 85.27200158961072
cameraImage_377.jpg -0.009892189192923643 0.7028743604626424 0.6999815953451155 0.12607753239696812 -7.4974068233494835 -57.62492411264456 -8.982136229154772
cameraImage_287.jpg -0.43189757263751977 -0.26958712014374636 0.7159487530012928 0.4777077082048333 -306.09799711114425 -280.631940698826 187.79374332909723
cameraImage_213.jpg 0.2648579443236613 -0.6224888081399557 0.6419373906914047 0.36093536748488975 928.1617136496598 38.66185413394998 -182.24010927422907
cameraImage_277.jpg 0.5903331282295075 0.6365490170240239 -0.4961048282863708 -0.013861673472682749 -86.91090004428482 26.94073599291873 53.44814639133403
cameraImage_92.jpg -0.047669060153246255 0.9987702686267724 -0.01024428366857739 -0.008981417673756549 508.44041295774315 52.83218641894308 2.741850341945763
cameraImage_142.jpg -0.05541558866856217 0.9984243504497244 0.0036962595918167656 0.008016646842238885 493.5137379062282 659.1554394921276 89.84529237602509
cameraImage_279.jpg 0.05924843513693846 0.8524143415378062 0.24525042310608294 0.4579646746647385 -7.891815683579478 -77.14957862950376 -196.62383179790112
cameraImage_337.jpg 0.007307582042513978 0.29543217723544585 0.9466153648650034 0.1287857868715068 385.50253774260534 -339.1985300178218 -35.65216143299953
cameraImage_351.jpg -0.05799968845239805 0.6874976208643597 0.702555205691729 0.17435377942770106 4.019453847385137 -318.06040413505565 -104.57143233874238
cameraImage_212.jpg 0.689488810225973 0.4906177285421569 0.5324385234335833 -0.020214939455078983 -233.69270580790536 -421.7967312403783 1250.7113750739443
cameraImage_148.jpg -0.0483997988800116 0.9987618433406371 0.003720494500418386 0.010881069610065939 491.8863418334373 732.4052721045665 90.54030067753983
cameraImage_74.jpg -0.03179220730769273 0.6959994766447877 0.7044256387745155 0.1354935552039399 -14.616931931551292 323.9295134686308 79.75220768125742
cameraImage_103.jpg -0.050578224076042955 0.9984962927350872 -0.009856098727087202 0.018704383483065325 512.4822076021997 179.32163838179412 46.18751326606472
cameraImage_203.jpg 0.3545114798600506 0.6875186207923552 -0.2297222725060464 -0.5906500099262446 -166.881737630026 307.6461264113083 202.6678918327667
cameraImage_354.jpg -0.05592264379008817 0.6903527195349033 0.7001176907309477 0.17355402521363786 0.8245554332121925 -285.5917200622092 -92.44295665110286
cameraImage_361.jpg -0.04781740551820091 0.6936349356659057 0.6965796299568495 0.17709006432445792 -3.416436099195755 -206.83286957801982 -65.18062213013997
cameraImage_156.jpg -0.048169239498658784 0.9988245335668751 0.001358684257141489 0.00523731688219591 494.3060438384725 826.8963677279567 94.62805718769303
cameraImage_83.jpg -0.05409706939067077 0.7163303715272554 0.6809626680438051 0.1422467948378049 10.765643797332794 421.09255066403136 126.68259418133643
cameraImage_210.jpg -0.3353188106081025 -0.5846101109565982 0.6808370208855662 0.2867982991779209 427.38824771569296 -560.4886556499767 -614.7571399415979
cameraImage_116.jpg -0.04258925566703306 0.9987494478922211 -0.004675808991959515 0.025764946089265103 508.2311043610442 339.26933785721496 64.20145459405407
cameraImage_64.jpg -0.041012194367324235 0.6982423621130806 0.7027079176824007 0.1302965313827972 -11.355238905331122 210.42714299649245 51.7590252327643
cameraImage_243.jpg 0.35490847348815513 -0.5081914308511295 0.6716352164200498 -0.40581717696541836 3746.0880736188533 -2438.0102913913574 8497.251602614344
cameraImage_78.jpg -0.02092614295018882 0.695198246309665 0.7075899027707315 0.12481195602226121 -15.570180519297283 371.8475150873787 80.10717795027587
cameraImage_255.jpg 0.20086445923992255 0.5346736215915036 -0.470912667553531 0.6723234689686932 -434.84429403237897 -614.1279707487715 4573.864395099914
cameraImage_288.jpg -0.015919299734771505 -0.008824744351709421 0.9772002644497754 0.21153804135987017 522.0132478167816 -581.2015121778824 -273.5238440907097
cameraImage_96.jpg -0.2673369972398362 -0.05920528739983294 0.9361967102384917 0.22036647564753747 -573.938528598797 -244.00180270895817 186.78949020724775
cameraImage_305.jpg -0.021236865189728997 -0.014729614662380573 0.9730080449086429 0.22931938110825129 520.8593388276137 -378.7118089767199 -206.17798664070304
cameraImage_171.jpg -0.03648810108892425 0.9665117558986159 -0.24175805534755737 -0.0779531068224145 903.1034873772976 663.6695051996462 -37.500485334063825
cameraImage_240.jpg 0.7389653884609537 0.040001310183227834 -0.6723660407840533 0.015936029642086527 -9044.238281107166 -3905.1455075120293 18656.36453464182
cameraImage_135.jpg -0.05237993794249989 0.9985609510510416 0.005729208401585108 0.009977239511534087 491.22151318799513 577.0865870401884 78.6130320310405
cameraImage_272.jpg 0.5038253595860892 -0.5500028473294636 -0.6461043235214255 0.16188291476975436 -61.132671602835735 384.25175556329253 233.97625175504203
cameraImage_204.jpg 0.7212586708916892 -0.2888070457752726 -0.6127958111464462 0.1444219990703734 -32.78946043881359 -307.38419114356884 1531.4313350560315
cameraImage_341.jpg -0.09160421421029243 0.6750705199811359 0.7145480216962828 0.15908986668308905 8.896568743391292 -423.29924427640975 -152.02545251823682
cameraImage_300.jpg -0.0361358044517261 -0.011502351366767744 0.9737653445091486 0.2243723543189796 513.6172808737629 -435.92955272767193 -243.5215903162272
cameraImage_125.jpg -0.05013846030768053 0.998374804144053 0.005020781541117083 0.026620987979718517 496.9611533003918 456.9480963036456 81.18127628974092
cameraImage_215.jpg -0.42738457088730214 0.6321756069025452 0.23952630551308385 0.6002695890782143 -260.4648431284242 216.54292052536965 856.381766490248
cameraImage_177.jpg -0.1579639878928386 0.4492795599660957 -0.4547197654389013 0.7526122444159759 -213.45868925592086 -362.7095119708105 590.1830048747712
cameraImage_343.jpg -0.036770218018047675 0.664942128154007 0.7268420923993683 0.16793001515343764 28.00499072687164 -409.44565032571285 -116.31132974988422
cameraImage_286.jpg 0.5519109641340536 -0.498738516644893 0.6683108187829994 -0.0038508675735018484 146.84460342245373 285.1336238322525 511.96454727658045
cameraImage_130.jpg -0.057231800590543815 0.9983463371949112 -0.004393084649492081 0.0031325417685412965 504.36684093945735 508.95041471790654 69.5421674858439
cameraImage_290.jpg 0.4956028334005949 0.4914623279139336 0.7044738213854037 0.12868273679622316 120.76518008811074 -265.21155872827046 228.29129576276736
cameraImage_217.jpg 0.7143275354867671 -0.6836559889077705 -0.01649791738382437 0.1485882888990126 707.8520834948152 -870.1450817916493 17308.374972636102
cameraImage_330.jpg -0.06028701403418708 0.0035400553773005335 0.9734034935365196 0.22099453096777358 499.32631237535014 -120.68363187505311 -103.75589099598605
cameraImage_82.jpg -0.047402169687772965 0.6965779535525607 0.6993550166375048 0.15308412601368976 -13.809117449623432 409.56950749542204 123.85365312259037
cameraImage_111.jpg -0.03891665420898937 0.9991021571431453 -0.0012617405457062796 0.016696755010691757 506.4235179574355 282.6917459759591 47.57584895144103
cameraImage_117.jpg -0.03996362362521412 0.9988815065511892 -0.004496064644566634 0.024868254049698585 507.6247776966614 351.2962400197996 62.38585965123551
cameraImage_131.jpg -0.048011312103088115 0.9988102080921825 -0.006760208977517893 0.005232752198582729 507.2680856006272 517.4023938391812 63.937304121369856
cameraImage_316.jpg -0.018167932454105435 -0.014399715837119126 0.9702540106884101 0.24097661537420584 517.2559161013193 -255.0392467160511 -151.1854102654331
cameraImage_322.jpg -0.027195221726901562 -0.014954002260532416 0.9736261178840871 0.2260287156659046 512.3205971253981 -191.3613284164728 -118.3311643421181
cameraImage_75.jpg -0.022695494294106788 0.6952532821241628 0.7052435441128198 0.13689167878843223 -15.688891745022486 336.09574188086214 78.80093755469318
cameraImage_141.jpg -0.05258021662588747 0.9986047216451983 0.002460717215501921 0.004227954384267758 495.1706525537602 645.942757864801 80.92275215657457
cameraImage_183.jpg 0.03828395176275807 -0.5049774718683914 0.19369518591719626 0.8402465512546523 728.0245633566421 3.5426491474682416 1776.3548600019817
cameraImage_298.jpg -0.0030468128395847527 0.011350697693790716 0.9720107122222027 0.2346423958253716 405.9555021095997 -467.0882635210959 -222.69361682414115
cameraImage_367.jpg -0.05455283823758943 0.6915421357442091 0.6983909556971463 0.17619175727311312 -4.0414794464400225 -142.12711785475238 -45.302844794072655
cameraImage_366.jpg -0.05585597919361868 0.6897360256349707 0.6996210406756637 0.17797394183840215 -2.713336653989207 -152.56032662304634 -49.600625502607876
cameraImage_216.jpg -0.4905961767674846 0.2644325922661191 -0.4840477994922234 0.6746024928024529 -497.1303704661144 -606.6065675039982 2013.4092886783146
cameraImage_158.jpg -0.04434620585939963 0.9989812709779717 5.3413886717914316e-05 0.008356518896575094 496.46485786095116 848.7576287170153 94.03301163849727
cameraImage_76.jpg -0.02676901188351054 0.6923186106375704 0.7091021281540287 0.13096768004004652 -18.38770911268671 347.59703313277356 80.59372301955084
cameraImage_339.jpg -0.12683117008856762 0.5262649161788684 0.8253926110195111 0.1602689301380906 163.73525072617232 -404.5480541468443 -176.13450903572007
cameraImage_380.jpg -0.005265937643849763 0.7013336134529756 0.7009912185654529 0.12928551363491542 -7.506644372739947 -37.30808017769983 -5.309086603464206
cameraImage_107.jpg -0.055881627895799785 0.9981982748179423 -0.0018177011562400772 0.02177484274812887 509.6767346306357 234.84433473531848 56.93964812846094
cameraImage_221.jpg -0.13563836775604207 0.3955845753718206 -0.31798511447797057 0.8508822150514166 -392.7809173755726 107.26787125264481 1058.9680660354445
cameraImage_376.jpg -0.011056453740662026 0.7044693054944616 0.6986003970862671 0.12473266467827561 -7.743840682384936 -64.66538287558362 -10.194708493391685
cameraImage_247.jpg -0.1516233095844932 0.8023818755186343 0.25995697450934724 0.5153795390135222 517.2626313021793 393.2066810271558 1122.6866664069998
cameraImage_234.jpg 0.17957455963817678 0.8708896136939406 0.1667237412680839 0.4260369143493869 491.3879966014688 361.88732869451377 398.6137950497286
cameraImage_220.jpg -0.16910318006334618 0.9106439308928876 -0.16860846142377675 -0.3371986541442907 619.3334933196935 499.53117438497173 -74.07664276283575
cameraImage_274.jpg 0.4238762226171879 -0.6017602167000667 -0.24894199180811463 0.6294771435179216 -62.917626455443965 -195.6070654935059 367.15400858639197
cameraImage_198.jpg -0.12485278865722889 -0.6091457583173121 0.7483187274153151 0.23102447595019737 648.5789771799731 -382.8182640457342 -467.89685521440066
cameraImage_284.jpg -0.27872635938585083 0.5480232858585634 0.5360956005145417 0.5784320200760379 21.53739765359386 2.38102054428688 50.02358521729591
cameraImage_151.jpg -0.043351635856783734 0.9990300685471833 0.0014556044098667743 0.0075788536700883095 495.21003470202635 767.1379096178536 83.16225258790004
cameraImage_162.jpg -0.05058294770512556 0.9986856630841086 0.002202879079127974 0.007966120478543717 492.07023334622664 898.9514606212895 109.60035839159741
cameraImage_309.jpg -0.019079758939391157 -0.014396511550512997 0.9724518297945363 0.23187527247045875 520.2478624468077 -335.97271635354593 -184.92693185383015
cameraImage_195.jpg 0.04276830985533031 -0.6723633742777799 0.7239304083452863 0.14840191533448707 753.2741276651702 -235.71472173275876 -185.21205511099777
cameraImage_95.jpg 0.20449764731941966 0.811073314386025 -0.2933856301821076 0.46288839144478267 448.31061378100543 -241.50280150644596 779.7798471633621
cameraImage_218.jpg 0.7065067583222076 -0.04410322870927383 0.6853207214784166 -0.17099302434533833 44.91315902425195 -592.1119348199868 3895.3720777476856
cameraImage_66.jpg -0.04337129403906034 0.6951384680545059 0.705309866610893 0.1320584459454844 -14.089991202369829 232.22765013721164 59.043291789787546
cameraImage_182.jpg 0.5036848680677647 0.14827009845579875 0.6529905724866748 0.5458212562982415 2746.2891504876898 -1518.7568013429684 7051.616420490913
cameraImage_184.jpg 0.283972238169503 -0.6567805938341849 0.6963840308688635 -0.055211421487344724 872.5514914761721 -516.6261959082245 275.1409187698266
cameraImage_133.jpg -0.050995306400936816 0.9986897524476749 -0.0015891114427725843 0.003966334062836084 500.5142148023378 546.7760079948856 68.23616695766397
cameraImage_269.jpg 0.4992997104899104 0.585675614045987 0.18963468646018997 0.6096905443810764 126.74894180561085 -70.15220874902325 -67.5439041549116
cameraImage_113.jpg -0.050349686458317514 0.9983725062687197 -0.0021288140761463814 0.026696740454472897 507.3431766035956 307.47232193122306 66.22542978868013
cameraImage_126.jpg -0.05018935289933644 0.9985088043787237 -0.0033510229590157036 0.0212124274623348 505.31994237593483 459.23453926297975 77.18942936647373
cameraImage_179.jpg 0.07555373695062255 0.21987551530447452 -0.5912707680066165 0.7722339473911091 374.6207964143724 18.89682151180205 167.27543119047166
cameraImage_122.jpg -0.051011037533728855 0.9983631592129946 -0.005808958145676827 0.025201832894532098 508.40649684954127 410.5484828618085 76.54316546360748
cameraImage_190.jpg 0.038112969021414235 -0.6874909263937314 0.718897112866972 0.095344474565619 740.9966581493533 -373.6889073443674 -107.60785914339309
cameraImage_312.jpg -0.013014453724435597 -0.012249843760866458 0.9699262482775112 0.2427419169084748 518.7734741142027 -301.7269005920758 -170.1705320105378
cameraImage_275.jpg -0.07605728502795948 0.7393290123178269 -0.17770556162067744 0.6450028172871819 2162.534461009992 -2174.2094566192145 5410.079563888189
cameraImage_283.jpg 0.5312752059072279 -0.07194648588021882 0.8290548719799709 -0.15886591202644393 307.1852399044262 -17.80385910944028 400.1953203600091
cameraImage_344.jpg -0.028655975877268407 0.6587835044040491 0.7307282025339565 0.17669019042701764 35.04250554743064 -397.60518970924045 -112.67863759800706
cameraImage_308.jpg -0.026468911532980643 -0.015122489937318117 0.9728324856891264 0.22949436116878957 518.6022459228027 -346.6784284042095 -194.73009937161788
cameraImage_85.jpg -0.1154528170856625 0.8481273357067064 0.5165695968655799 0.022506022486437866 212.06173569886064 403.01231501410626 79.65136762965496
cameraImage_303.jpg -0.01941371714462901 -0.013001791272828345 0.9754506769767294 0.2189749707066247 519.5977779786471 -408.4387676279411 -206.34179843063217
cameraImage_86.jpg 0.30127250219589974 -0.36847575038551933 0.37323571741441736 0.7963388726193114 -386.83115481074566 166.18910787658274 -213.0532283136813
cameraImage_153.jpg -0.04048494288644124 0.9991142047500928 0.0006134831393934604 0.01146293612077775 495.7453547825747 789.8553943149112 84.87681890659985
cameraImage_118.jpg -0.04702311927069575 0.9988302442427235 -0.004854800007814581 0.010168596607194276 506.35075790265086 362.597538074425 53.00692669023527
cameraImage_264.jpg -0.22986233152227908 -0.5063403608183589 0.6672725283670973 0.4955099599806814 -806.8597668181163 90.28504359989265 1219.9096675576038
cameraImage_56.jpg -0.027672158207160975 0.6882341740658066 0.7173842513530627 0.10453616225364898 -13.817308696911024 121.4624378908221 22.154958908870952
cameraImage_146.jpg -0.05106749351190972 0.9985766233176042 0.0026908736178258433 0.015152480628466587 493.9425446644252 706.397264954645 96.32458046406452
cameraImage_267.jpg 0.009232854928626705 -0.010222482953544993 0.9792141504922454 0.20236082305594985 546.0072938897009 -825.9797964141975 -340.392494401884
cameraImage_134.jpg -0.05268342592909107 0.9985558851433862 0.0009532048115678288 0.010473408159214262 497.7604205074453 560.1612194938467 78.20601377868837
cameraImage_233.jpg 0.8028893794385242 -0.4035966882752245 -0.4313651197314647 -0.08001556771748901 -446.3636592678976 -206.1843159582732 149.49351714384522
cameraImage_360.jpg -0.05279584585909756 0.6912477852142128 0.6984025704211038 0.17782842215366693 -1.6318831308946615 -217.87235461325287 -70.5068920015611
cameraImage_289.jpg 0.5828898278329984 0.5050639534365736 0.5836337009547813 -0.25401093413012893 -256.7159230466217 -343.39011606312135 553.248476008616
cameraImage_196.jpg -0.17220706847604106 0.7042312832869991 -0.6883512195697542 -0.023992159629062183 817.5786782391663 -180.39995480055373 145.98657051398428
cameraImage_77.jpg -0.02719383906200465 0.6921712793654221 0.7091326485114385 0.13149259277182268 -18.834919252368604 359.17700771774406 83.87269602130483
cameraImage_104.jpg -0.04560949648506976 0.9987037887375163 -0.007101264332474969 0.021449667516976082 511.0223571218739 192.826576023791 48.55859118103973
cameraImage_160.jpg -0.04295662262246747 0.9990583551866625 0.0012669207404917087 0.005960404049101061 494.14730519308625 874.1345674725753 91.38179380254795
cameraImage_53.jpg -0.021384558735060996 0.7066750759453697 0.6973611420003423 0.11764554948357056 -7.21348320373389 87.3860205880399 16.547226797088157
cameraImage_345.jpg -0.029274960869933128 0.6606891666931163 0.7344425855425512 0.15240370803229109 32.753512667842166 -390.601973538268 -96.41515805134377
cameraImage_222.jpg -0.10569450515936629 0.4705881001215833 0.6037757546242289 0.6346891756844588 -110.97250772480331 416.02145946188506 1402.7338365409585
cameraImage_235.jpg -0.2468781174420109 0.810921700380262 -0.26973914951636624 -0.4568347427668571 -96.34701747701693 325.3121054693609 324.71647214556015
cameraImage_281.jpg -0.0085443376371522 -0.004863181292628196 0.9798944693595606 0.19927411442684592 522.6200409569022 -671.1235542096613 -285.93493485652937
cameraImage_338.jpg -0.047923325174523496 0.45298773457788466 0.8710018310377776 0.18401434062336278 237.5008020723179 -365.0574619943655 -118.1465438053254
cameraImage_105.jpg -0.04594627904369181 0.9987003456115401 -0.006696055682442063 0.021017182392693543 510.70007057484895 206.42652357309277 49.544019803048144
cameraImage_205.jpg -0.031194691420757873 0.702053425481571 0.6964606386905126 0.14522554097526827 -849.9122151274513 333.52691687185495 -18.932667559401157
cameraImage_71.jpg -0.03352773950435949 0.6953429728742802 0.7039218736020783 0.1409540230806673 -14.872150901334917 289.1422991336008 73.59542548234637
cameraImage_201.jpg -0.07600268539069709 0.7892166177781862 0.30528969406901857 0.5274077404925038 1702.6187160081647 1600.0527177865536 4527.227001683631
cameraImage_120.jpg -0.04598350263775855 0.9986689926548152 -0.00640819423881606 0.022465432147581253 508.126229735633 386.5238965369596 67.19828278756843
cameraImage_352.jpg -0.06432627062236339 0.6868177636060788 0.7006316944503249 0.1823697322327066 4.0524237145247035 -305.23157615794736 -107.19836260196534
cameraImage_115.jpg -0.04431891135346284 0.9986655865024487 -0.0015998840361756653 0.026463575027472118 506.68117765605683 330.44356802611395 65.12167416059039
cameraImage_136.jpg -0.05301984759816068 0.9985709344468654 0.0047959455690246506 0.004688661288731024 492.44151143347267 588.2103080003872 75.40795120480759
cameraImage_140.jpg -0.053156791308863936 0.9985809670291919 0.0024483150566367295 0.002100851773216633 495.13892077330866 634.550302491297 77.89745475797334
cameraImage_54.jpg -0.02664888561276027 0.691877087012052 0.7124096492312779 0.11431721237627748 -11.401990499412841 98.34817518368901 18.910736066046287
cameraImage_295.jpg -0.02420100763056652 -0.00786316844061375 0.975075337039229 0.22041000183651863 516.6257675722168 -497.4776018864987 -256.29002256517094
cameraImage_89.jpg 0.6178085466205306 0.32515164469228613 0.42372312126125034 -0.577102871406089 0.19433681694110685 -311.402566199055 -331.49758400628843
cameraImage_192.jpg 0.3200743816736829 -0.6220094616275994 0.6998922332967107 0.14424798651245088 902.4004391795411 -374.8380871091481 23.98278945862042
